Time(Seconds),Length(Seconds),Label(string),Confidence(double),Comment(string)
0.9498401,0.9323129,Jab_R,1,
2.3602622,0.9323129,Jab_R,1,
3.8902117,0.884502,Jab_R,1,
5.336492,0.9681711,Jab_R,1,
6.7708197,0.9920766,Jab_R,1,
8.3724855,0.8964547,Jab_R,1,
9.7590022,1.0518402,Jab_R,1,
11.1767211,1.0637929,Jab_R,1,
12.6947178,0.9681711,Jab_R,1,
14.1409981,0.8725492,Jab_R,1,
15.5514202,0.8605965,Jab_R,1,
16.9020787,0.9323129,Jab_R,1,
18.2049263,1.0040293,Jab_R,1,
19.6390224,0.9084074,Jab_R,1,
21.0016336,0.9323129,Jab_R,1,
22.3642449,0.9323129,Jab_R,1,
23.7507615,0.9203602,Jab_R,1,
25.0655618,0.9323129,Jab_R,1,
26.3684094,0.9442656,Jab_R,1,
29.721414,1.3028475,Sidehook_R,1,
31.227458,1.195273,Sidehook_R,1,
32.8410765,1.2072257,Sidehook_R,1,
34.3232151,1.0757457,Sidehook_R,1,
35.6833495,1.1355093,Sidehook_R,1,
37.1176771,1.0996511,Sidehook_R,1,
38.5280992,1.2072257,Sidehook_R,1,
40.392725,1.1235566,Sidehook_R,1,
41.8509581,1.1235566,Sidehook_R,1,
43.2972384,1.0876984,Sidehook_R,1,
44.6120387,1.1116038,Sidehook_R,1,
46.1232333,1.0518402,Sidehook_R,1,
47.4977972,1.1713675,Sidehook_R,1,
49.0157939,1.0398875,Sidehook_R,1,
50.3784051,1.1355093,Sidehook_R,1,
51.80078,1.1594148,Sidehook_R,1,
53.241513,1.2311311,Sidehook_R,1,
54.8670843,1.0279347,Sidehook_R,1,
56.2775064,1.0398875,Sidehook_R,1,
59.7924672,0.9562183,Uppercut_R,1,
61.1670312,0.9562183,Uppercut_R,1,
62.5655006,0.9323129,Uppercut_R,1,
63.8444427,1.0876984,Uppercut_R,1,
65.3012886,1.0996511,Uppercut_R,1,
66.7117107,1.1116039,Uppercut_R,1,
68.074322,1.1116039,Uppercut_R,1,
69.4847441,1.0518402,Uppercut_R,1,
70.8473554,1.0996511,Uppercut_R,1,
72.2099666,1.015982,Uppercut_R,1,
73.6801524,0.9203602,Uppercut_R,1,
74.9937637,1.0996511,Uppercut_R,1,
76.308564,1.015982,Uppercut_R,1,
77.5636006,1.1952729,Uppercut_R,1,
79.1041488,0.9920765,Uppercut_R,1,
80.418949,1.1355093,Uppercut_R,1,
81.8054657,1.015982,Uppercut_R,1,
83.1322187,1.0518402,Uppercut_R,1,
84.4231135,1.1116038,Uppercut_R,1,
85.8215829,1.2430839,Uppercut_R,1,
87.2949383,1.015982,Uppercut_R,1,
