Time(Seconds),Length(Seconds),Label(string),Confidence(double),Comment(string)
2.294138,0.8663594,Jab,1,
4.3842209,1.0138248,Sidehook,1,
6.2551887,1.0092165,Uppercut,1,
8.4752624,0.8617511,Jab,1,
10.1665066,1.0645161,Sidehook,1,
11.6679444,1.0092165,Uppercut,1,
13.3595388,0.8894009,Jab,1,
16.4109305,0.9262672,Jab,1,
18.8653728,0.9124423,Jab,1,
20.5197507,1.0092165,Sidehook,1,
22.1112253,0.953917,Uppercut,1,
23.9306354,1.0046082,Uppercut,1,
25.5107183,1.2027649,Sidehook,1,
27.6493173,0.829493,Jab,1,
31.4512527,0.8847926,Jab,1,
32.9560821,1.078341,Sidehook,1,
34.767142,0.9769585,Sidehook,1,
36.3370959,0.9585253,Uppercut,1,
37.6959807,1.0046082,Jab,1,
39.2858425,1.0599078,Jab,1,
41.0969945,1.1843317,Sidehook,1,
43.1747731,1.1198156,Sidehook,1,
47.0808745,0.8847926,Jab,1,
48.0993077,1.0276497,Sidehook,1,
49.316856,1.0414746,Uppercut,1,
50.8926348,1.0138248,Sidehook,1,
52.4985426,0.9493087,Jab,1,
54.162137,0.875576,Jab,1,
55.4307268,1.0506912,Sidehook,1,
56.808607,1.0368663,Uppercut,1,
61.1353259,1.0184331,Jab,1,
63.5362936,0.9032258,Jab,1,
64.9326531,1.1013824,Sidehook,1,
67.3145793,0.8986175,Uppercut,1,
68.922312,1.0506912,Uppercut,1,
70.4105332,1.1658986,Sidehook,1,
72.2050309,1.2995391,Sidehook,1,
74.1642105,1.1198156,Jab,1,
76.0380077,1.1612903,Sidehook,1,
78.0285331,1.1751152,Uppercut,1,
80.466063,1.0230414,Uppercut,1,
82.1976113,1.3686635,Sidehook,1,
84.2852149,1.2580645,Sidehook,1,
86.7015743,1.18894,Sidehook,1,
88.1575374,1.2027649,Uppercut,1,
89.7944406,1.0599078,Uppercut,1,
91.7453162,1.0046082,Jab,1,
93.1951502,1.2119815,Jab,1,
99.6232977,1.0046082,Jab,1,
100.8122378,1.3041474,Sidehook,1,
103.0863483,1.0414746,Uppercut,1,
104.5930026,1,Uppercut,1,
106.1966892,1.0967741,Sidehook,1,
108.1006154,1.032258,Sidehook,1,
109.7387352,0.9493087,Uppercut,1,
111.5701454,1.1751152,Uppercut,1,
113.2067444,1.3640552,Sidehook,1,
115.2283112,1.3225806,Sidehook,1,
117.295961,1.2165898,Sidehook,1,
