Time(Seconds),Length(Seconds),Label(string),Confidence(double),Comment(string)
3.2582727,1.1472392,Sidehook_R,1,
4.5907852,1.2123065,Sidehook_R,1,
6.5163188,1.4092294,Sidehook_R,1,
8.5386059,1.5076908,Sidehook_R,1,
10.7069954,1.5261522,Sidehook_R,1,
12.5381014,1.4892292,Sidehook_R,1,
14.402715,1.3353831,Sidehook_R,1,
15.9068137,1.4338446,Sidehook_R,1,
17.6421965,1.4646139,Sidehook_R,1,
19.4093204,1.2984603,Sidehook_R,1,
21.0987704,1.2984602,Sidehook_R,1,
22.6003074,1.2602711000000002,Sidehook_R,1,
24.1339091,1.3538448,Sidehook_R,1,
25.8873597,1.3312883,Sidehook_R,1,
27.630262,1.2615372,Sidehook_R,1,
29.1256451,1.4769216,Sidehook_R,1,
30.7994014,1.4276909,Sidehook_R,1,
32.3791421,1.2984602,Sidehook_R,1,
34.0541642,1.3353833,Sidehook_R,1,
35.6776294,1.1792728000000001,Sidehook_R,1,
37.619166,1.4846625,Sidehook_R,1,
39.319940800000005,1.5521472,Sidehook_R,1,
41.082939,1.3046139,Sidehook_R,1,
42.7480975,1.5199985,Sidehook_R,1,
44.5528804,1.2553832,Sidehook_R,1,
46.2335265,1.3907677,Sidehook_R,1,
47.8890273,1.4399985,Sidehook_R,1,
49.5835711,1.3169216,Sidehook_R,1,
51.2104226,1.2799988000000002,Sidehook_R,1,
52.7550365,1.2615371,Sidehook_R,1,
54.6209457,1.304614,Sidehook_R,1,
56.2147902,1.4153831,Sidehook_R,1,
58.0417445,1.4153832,Sidehook_R,1,
59.7963547,1.4892292,Sidehook_R,1,
61.7040451,1.4153832,Sidehook_R,1,
63.4358359,1.3169216,Sidehook_R,1,
65.0973726,1.2246141,Sidehook_R,1,
66.8008381,1.3538447,Sidehook_R,1,
