Time(Seconds),Length(Seconds),Label(string),Confidence(double),Comment(string)
1.900243,0.9598042,Jab_R,1,
3.9776275,1.0386922,Jab_R,1,
5.8052,0.9992482,Jab_R,1,
7.5933284,1.0781362,Jab_R,1,
9.3595501,1.2753563,Jab_R,1,
11.7787827,1.2490602,Jab_R,1,
14.0139433,1.1964682,Jab_R,1,
17.3666841,1.1964682,Jab_R,1,
19.5464095,1.2753563,Jab_R,1,
22.0182341,1.1438762,Jab_R,1,
24.8187587,1.3016523,Jab_R,1,
26.9092912,1.0649882,Jab_R,1,
28.9062615,1.1175802,Jab_R,1,
30.9704979,1.3279483,Jab_R,1,
33.7315786,1.0518402,Jab_R,1,
35.8352591,1.1438762,Jab_R,1,
37.9652356,1.0123962,Jab_R,1,
39.9374361,1.1570242,Jab_R,1,
42.0096781,1.1833202,Jab_R,1,
44.7576107,1.1701722,Jab_R,1,
46.6114791,1.0912842,Jab_R,1,
49.6881118,0.9992482,Jab_R,1,
51.5682762,1.1044322,Jab_R,1,
53.4265342,1.0781362,Jab_R,1,
55.5565107,1.0255442,Jab_R,1,
57.4629711,1.1964682,Jab_R,1,
59.3168396,1.0781362,Jab_R,1,
61.144412,1.2490602,Jab_R,1,
63.1604458,1.1701722,Jab_R,1,
65.1983863,1.2359122,Jab_R,1,
67.0522547,1.1701722,Jab_R,1,
68.8403831,1.1175802,Jab_R,1,
70.6548075,1.1175802,Jab_R,1,
72.4034919,1.1833202,Jab_R,1,
74.3701111,1.1307282,Jab_R,1,
76.3291635,1.0912842,Jab_R,1,
79.0902441,1.0518402,Jab_R,1,
82.3903928,1.0518402,Jab_R,1,
88.0815131,1.0123962,Jab_R,1,
90.1983416,1.0518402,Jab_R,1,
92.2533805,1.0781362,Jab_R,1,
93.9757689,1.2096162,Jab_R,1,
96.1714854,0.9203602,Jab_R,1,
97.9596138,0.9992482,Jab_R,1,
100.1553303,0.9335082,Jab_R,1,
101.9434586,1.0649882,Jab_R,1,
104.0125236,0.9729522,Jab_R,1,
107.6413724,1.1044322,Jab_R,1,
110.113197,0.9861002,Jab_R,1,
111.7304014,1.0518402,Jab_R,1,
113.6237139,1.1044322,Jab_R,1,
115.9298817,1.1833202,Jab_R,1,
118.1518942,1.2227642,Jab_R,1,
120.8340868,1.1044322,Jab_R,1,
122.9640632,1.1175802,Jab_R,1,
125.3832957,1.0649882,Jab_R,1,
127.1422851,1.0123962,Jab_R,1,
128.9567095,1.1833202,Jab_R,1,
130.968354,1.1570242,Jab_R,1,
133.0588865,1.0781362,Jab_R,1,
134.9259029,1.1964682,Jab_R,1,
136.8390522,1.0912842,Jab_R,1,
138.8112527,1.1175802,Jab_R,1,
141.1121532,1.0123962,Jab_R,1,
143.0054656,0.9861002,Jab_R,1,
145.001119,1.1701722,Jab_R,1,
146.8155434,1.1307282,Jab_R,1,
149.7606924,1.2753562,Jab_R,1,
151.4699305,1.1570242,Jab_R,1,
153.705091,1.0386922,Jab_R,1,
155.7298835,1.3805403,Jab_R,1,
159.0203957,1.2359122,Jab_R,1,
161.3738883,1.2753562,Jab_R,1,
163.6616364,1.3542443,Jab_R,1,
166.0677184,1.1701722,Jab_R,1,
169.0654631,1.3542443,Jab_R,1,
175.1664707,1.1307282,Jab_R,1,
176.8494125,1.0123962,Jab_R,1,
178.7295769,1.1175802,Jab_R,1,
182.6082377,1.2885042,Jab_R,1,
184.8828422,1.1701722,Jab_R,1,
186.6315202,1.1438762,Jab_R,1,
188.2355765,1.3410963,Jab_R,1,
190.483885,1.1701722,Jab_R,1,
192.1010894,1.3148002,Jab_R,1,
193.8366258,1.1438762,Jab_R,1,
195.5853102,1.2753562,Jab_R,1,
197.6101006,1.0255442,Jab_R,1,
201.0943213,0.9992482,Jab_R,1,
202.6457857,1.2096162,Jab_R,1,
204.368174,1.2227642,Jab_R,1,
205.9985264,1.2885042,Jab_R,1,
207.8918365,1.2359122,Jab_R,1,
209.7062609,1.0912842,Jab_R,1,
211.2577253,1.1833202,Jab_R,1,
212.9801137,1.3279482,Jab_R,1,
214.7813901,1.1833202,Jab_R,1,
216.4511864,1.1833202,Jab_R,1,
218.5680127,1.3936883,Jab_R,1,
220.3298451,1.1044322,Jab_R,1,
221.9207534,1.1964682,Jab_R,1,
223.5774018,1.1570242,Jab_R,1,
228.7051209,1.2227642,Jab_R,1,
230.4669533,1.2885042,Jab_R,1,
232.2813777,1.1438762,Jab_R,1,
233.9906181,1.1833202,Jab_R,1,
235.6472665,1.1701722,Jab_R,1,
237.6589095,1.1570242,Jab_R,1,
239.56537,1.1438762,Jab_R,1,
241.2088703,1.1701722,Jab_R,1,
242.7997787,1.3016522,Jab_R,1,
244.5221671,1.3673923,Jab_R,1,
246.3760341,1.1701722,Jab_R,1,
249.4132227,1.3936883,Jab_R,1,
251.3854232,1.2096162,Jab_R,1,
253.1998456,1.3542443,Jab_R,1,
255.053714,1.2227642,Jab_R,1,
257.0522105,1.2622082,Jab_R,1,
259.1032989,1.2359122,Jab_R,1,
260.9308713,1.6697963,Jab_R,1,
263.087142,1.0912842,Jab_R,1,
264.7832344,0.9466562,Jab_R,1,
