Time(Seconds),Length(Seconds),Label(string),Confidence(double),Comment(string)
2.3675441,0.9952245,Jab_R,1,
3.9768433,1.2704993,Jab_R,1,
5.8190674,1.2069744,Jab_R,1,
7.6612915,1.0587494,Jab_R,1,
9.3764657,1.0587494,Jab_R,1,
11.0704649,1.1646244,Jab_R,1,
13.0820889,1.1010994,Jab_R,1,
14.7337454,1.1434494,Jab_R,1,
16.4277445,1.1222744,Jab_R,1,
18.1217437,1.0587494,Jab_R,1,
19.731043,1.0587494,Jab_R,1,
21.2556422,1.0799244,Jab_R,1,
22.7167165,1.2069744,Jab_R,1,
24.3683657,1.1222744,Jab_R,1,
26.1258899,1.1222744,Jab_R,1,
27.8622391,1.1434494,Jab_R,1,
29.4080197,1.0163995,Jab_R,1,
30.890269,1.2493244,Jab_R,1,
32.4783933,1.1857994,Jab_R,1,
33.9182926,1.1857994,Jab_R,1,
36.6922163,1.1434494,Jab_R,1,
38.2379905,1.1434494,Jab_R,1,
40.5248894,1.1434494,Jab_R,1,
42.8541457,1.1010994,Jab_R,1,
45.3104445,1.0587494,Jab_R,1,
47.4914685,1.0799244,Jab_R,1,
49.5454425,1.2916743,Jab_R,1,
52.0652663,1.1646244,Jab_R,1,
54.1615903,1.0799244,Jab_R,1,
56.4908391,1.0587494,Jab_R,1,
58.3542382,1.2069744,Jab_R,1,
60.2811702,1.2069744,Jab_R,1,
62.5045441,0.9952245,Jab_R,1,
64.4526431,1.1222744,Jab_R,1,
66.379571,1.1646244,Jab_R,1,
68.3064951,1.1434494,Jab_R,1,
70.0640192,1.1857994,Jab_R,1,
72.0332933,0.9952245,Jab_R,1,
73.3884926,1.0587494,Jab_R,1,
74.9977918,1.0587494,Jab_R,1,
76.607091,1.2704993,Jab_R,1,
78.5128401,1.1434494,Jab_R,1,
80.3550642,1.0799244,Jab_R,1,
81.8161385,1.0163995,Jab_R,1,
83.7430647,1.1434494,Jab_R,1,
85.5429388,0.9952245,Jab_R,1,
