Time(Seconds),Length(Seconds),Label(string),Confidence(double),Comment(string)
1.5059358,0.8620689,Jab,1,
3.8441951,0.8825944,Jab,1,
6.4171836,0.8990147,Jab,1,
8.2849997,0.9811165,Jab,1,
10.7894743,0.9605911,Jab,1,
13.0554841,1.0673234,Jab,1,
15.3745727,1.046798,Jab,1,
17.8577828,1.0632183,Jab,1,
19.8001882,1.1206896,Jab,1,
21.8804838,1.0180623,Jab,1,
23.8574952,1.0303776,Jab,1,
26.7558942,0.9400656,Jab,1,
28.7927579,1.0098522,Jab,1,
30.6765428,0.9770114,Jab,1,
32.6987513,1.0221674,Jab,1,
34.5462061,1.1083743,Jab,1,
36.5595887,1.0180623,Jab,1,
38.3958777,1.0180623,Jab,1,
40.123628,0.9318555,Jab,1,
42.0297035,0.9934318,Jab,1,
43.8014194,1.0344827,Jab,1,
45.7720269,1.0755336,Jab,1,
47.6863536,0.9277504,Jab,1,
49.330237,0.8908045,Jab,1,
51.2357788,0.9154351,Jab,1,
52.8831515,0.8990147,Jab,1,
54.6514191,0.9277504,Jab,1,
56.5035126,0.9072249,Jab,1,
59.3157047,0.9441707,Jab,1,
61.0833976,0.9277504,Jab,1,
63.0674287,0.8949096,Jab,1,
64.767675,1.0385878,Jab,1,
66.4978063,1.0139573,Jab,1,
68.502404,0.9236453,Jab,1,
70.1404992,1.0139573,Jab,1,
72.0829047,0.8004926,Jab,1,
73.8160327,0.9770114,Jab,1,
75.5730114,1.0509031,Jab,1,
77.5285121,1.0057471,Jab,1,
79.5851623,0.9934318,Jab,1,
81.2872559,1.0098522,Jab,1,
83.2207535,0.91133,Jab,1,
84.9586023,0.9811165,Jab,1,
86.7837254,0.8908045,Jab,1,
88.5308107,0.8538587,Jab,1,
90.2151702,0.9236453,Jab,1,
