Time(Seconds),Length(Seconds),Label(string),Confidence(double),Comment(string)
1.5218553,0.7881773,Uppercut,1,
3.3609358,0.9031198,Uppercut,1,
5.1882428,0.7963875,Uppercut,1,
6.9010015,0.8620689,Uppercut,1,
8.6046139,0.8415435,Uppercut,1,
10.2927911,0.8169129,Uppercut,1,
11.9927911,0.8333333,Uppercut,1,
13.5937763,0.9482758,Uppercut,1,
15.306387,0.8866995,Uppercut,1,
16.985837,0.956486,Uppercut,1,
18.6360833,0.9852216,Uppercut,1,
20.4477828,0.9441707,Uppercut,1,
22.2745479,1.0139573,Uppercut,1,
24.151584,1.0426929,Uppercut,1,
26.2328648,1.0878489,Uppercut,1,
28.1839895,1.0262725,Uppercut,1,
30.2611652,0.9975369,Uppercut,1,
33.1809189,0.9605911,Uppercut,1,
34.9018137,1.0180623,Uppercut,1,
36.7449993,1.0509031,Uppercut,1,
38.5604591,0.9934318,Uppercut,1,
40.9173474,0.9770114,Uppercut,1,
42.9212718,0.9605911,Uppercut,1,
44.748037,1.0673234,Uppercut,1,
47.0154015,0.956486,Uppercut,1,
49.0104754,0.9770114,Uppercut,1,
50.6125444,1.0591133,Uppercut,1,
52.4393096,0.9729064,Uppercut,1,
54.3942685,0.8825944,Uppercut,1,
57.3756478,1.001642,Uppercut,1,
59.1736774,0.9852216,Uppercut,1,
61.1080123,0.9646962,Uppercut,1,
63.1408448,1.0180623,Uppercut,1,
65.498201,0.9934318,Uppercut,1,
67.316756,0.9852216,Uppercut,1,
69.2140712,0.8784893,Uppercut,1,
70.839687,0.9770114,Uppercut,1,
72.6305408,0.9688013,Uppercut,1,
74.5520432,1.0714285,Uppercut,1,
76.5440464,0.9400656,Uppercut,1,
78.6048017,0.9441707,Uppercut,1,
80.4939561,0.9523809,Uppercut,1,
82.2885948,0.8579638,Uppercut,1,
84.0578887,0.9688013,Uppercut,1,
86.0211317,0.9195402,Uppercut,1,
87.8402285,1.0262725,Uppercut,1,
89.7048507,0.9975369,Uppercut,1,
91.490565,0.9770114,Uppercut,1,
93.1084139,0.91133,Uppercut,1,
