Time(Seconds),Length(Seconds),Label(string),Confidence(double),Comment(string)
1.3472867,0.8986175,Jab_R,1,
3.0339227,0.8847926,Jab_R,1,
4.5969179,0.9677419,Jab_R,1,
6.0577474,0.8986175,Jab_R,1,
7.6497981,0.9769585,Jab_R,1,
9.4562497,0.8571428,Jab_R,1,
11.0181506,0.9032258,Jab_R,1,
12.4559386,0.9953917,Jab_R,1,
14.0125284,0.9769585,Jab_R,1,
15.7452473,1.0506912,Jab_R,1,
17.3004316,0.9953917,Jab_R,1,
18.8349938,0.9907834,Jab_R,1,
20.3770559,0.9631336,Jab_R,1,
21.9577011,0.9124423,Jab_R,1,
23.5201492,0.953917,Jab_R,1,
25.0132367,1.1059907,Jab_R,1,
26.7639222,1.078341,Jab_R,1,
28.3169176,0.9861751,Jab_R,1,
29.7964165,1.0046082,Jab_R,1,
31.1789049,1.110599,Jab_R,1,
32.7177643,0.9262672,Jab_R,1,
34.1924186,0.9815668,Jab_R,1,
35.7287781,0.9769585,Jab_R,1,
37.2781041,0.7649769,Jab_R,1,
38.619118,0.8156682,Jab_R,1,
40.0913529,0.8617511,Jab_R,1,
41.5337492,0.8525345,Jab_R,1,
42.9159266,0.8341013,Jab_R,1,
44.2984151,0.9078341,Jab_R,1,
45.6299193,0.9677419,Jab_R,1,
47.0354492,0.9723502,Jab_R,1,
48.4363709,0.9585253,Jab_R,1,
49.9321946,1.0046082,Jab_R,1,
51.4805817,0.9769585,Jab_R,1,
52.8584619,0.9216589,Jab_R,1,
54.265478,0.9354838,Jab_R,1,
55.6525748,0.9170506,Jab_R,1,
57.0166301,0.9677419,Jab_R,1,
58.4782429,0.9723502,Jab_R,1,
60.0081968,1.0138248,Jab_R,1,
61.4279433,0.9032258,Jab_R,1,
62.7136576,0.8663594,Jab_R,1,
64.0655296,0.8663594,Jab_R,1,
65.4295849,0.8847926,Jab_R,1,
66.8959617,0.8801843,Jab_R,1,
68.1955009,0.9447004,Jab_R,1,
69.6703915,0.8940092,Jab_R,1,
71.0160136,0.8663594,Jab_R,1,
72.2656448,0.9400921,Jab_R,1,
73.5513591,1,Jab_R,1,
75.0905296,0.8433179,Jab_R,1,
76.3929604,0.8709677,Jab_R,1,
77.6049419,1.0552995,Jab_R,1,
78.839965,1,Jab_R,1,
80.2747863,0.9493087,Jab_R,1,
81.7622517,0.9493087,Jab_R,1,
83.2184729,1.0230414,Jab_R,1,
84.9864971,1.0138248,Jab_R,1,
87.0012614,1.0691244,Jab_R,1,
89.0404723,0.9078341,Jab_R,1,
90.7234388,1.0829493,Jab_R,1,
92.3686001,1.0506912,Jab_R,1,
93.9811921,1.1290322,Jab_R,1,
96.5234098,1.0599078,Jab_R,1,
98.1670101,1.0414746,Jab_R,1,
99.7012611,0.9354838,Jab_R,1,
101.198957,1.0875576,Jab_R,1,
102.8930929,1.0046082,Jab_R,1,
104.4875629,0.8986175,Jab_R,1,
106.0599304,0.9585253,Jab_R,1,
107.5115433,0.9124423,Jab_R,1,
109.003617,1.0368663,Jab_R,1,
110.6533866,0.9216589,Jab_R,1,
112.2350567,0.9944832,Jab_R,1,
113.8081484,0.9764017,Jab_R,1,
115.4083623,0.9944832,Jab_R,1,
116.9452909,0.9492794,Jab_R,1,
118.3014043,1.07585,Jab_R,1,
119.7545954,0.9944832,Jab_R,1,
121.3728908,1.0035239,Jab_R,1,
122.8374934,1.0668092,Jab_R,1,
124.3020959,0.8679126,Jab_R,1,
125.8751875,1.0396869,Jab_R,1,
127.2584233,1.1572168,Jab_R,1,
128.6856869,1.1752983,Jab_R,1,
130.2497377,1.07585,Jab_R,1,
131.7052995,1.3018689,Jab_R,1,
133.3416764,1.1029722,Jab_R,1,
134.9001882,1.1311130999999999,Jab_R,1,
136.3420774,1.0735898,Jab_R,1,
137.7829479,1.1300945,Jab_R,1,
139.3550427,1.1300945,Jab_R,1,
140.8241656,1.1159683,Jab_R,1,
142.180279,1.2996087,Jab_R,1,
143.8754208,0.9747065,Jab_R,1,
145.3021651,0.9888327,Jab_R,1,
146.7430357,1.0312112,Jab_R,1,
148.1839062,1.017085,Jab_R,1,
149.5117673,1.1159683,Jab_R,1,
150.9526378,1.1865992,Jab_R,1,
152.4682277,1.1583468,Jab_R,1,
153.9232244,1.0453374,Jab_R,1,
155.1804546,1.1442207,Jab_R,1,
156.4659371,1.1159683,Jab_R,1,
159.0086498,1.0877159,Jab_R,1,
160.6614131,1.1300945,Jab_R,1,
162.1729145,1.1018421,Jab_R,1,
163.5714065,1.1018421,Jab_R,1,
165.2099979,1.1442207,Jab_R,1,
166.6508685,1.2431039,Jab_R,1,
168.7697957,1.1865992,Jab_R,1,
170.6909564,1.1865992,Jab_R,1,
172.1742055,1.2713563,Jab_R,1,
173.8518499,1.2289778,Jab_R,1,
175.5469917,1.2289778,Jab_R,1,
177.0019884,1.1442207,Jab_R,1,
178.598247,1.1300945,Jab_R,1,
180.0956222,1.0453374,Jab_R,1,
