Time(Seconds),Length(Seconds),Label(string),Confidence(double),Comment(string)
1.6628976,1.0204844,Jab_R,1,
3.0589203,0.9715011,Jab_R,1,
4.6263844,0.9225179,Jab_R,1,
5.9979155,0.9470095,Jab_R,1,
7.3943619,0.9186809,Jab_R,1,
8.797079,0.8692894,Jab_R,1,
9.9034474,1.027342,Jab_R,1,
11.2864079,0.8989243,Jab_R,1,
12.5607072,0.8297763,Jab_R,1,
13.7815412,0.8791677,Jab_R,1,
15.1249885,0.8594111,Jab_R,1,
16.3992879,0.8692894,Jab_R,1,
17.6735872,0.8396545,Jab_R,1,
18.8787385,0.8594111,Jab_R,1,
20.1438109,0.8594111,Jab_R,1,
21.3390839,0.8692894,Jab_R,1,
22.5442352,0.9977072,Jab_R,1,
23.8778043,0.8001414,Jab_R,1,
25.0039293,0.8989243,Jab_R,1,
26.3572549,0.889046,Jab_R,1,
27.5722845,0.9680723,Jab_R,1,
28.8830991,0.9186809,Jab_R,1,
30.0191024,0.9878289,Jab_R,1,
31.2440103,1.0174638,Jab_R,1,
32.498553,0.8100197,Jab_R,1,
33.6839478,0.7705065,Jab_R,1,
34.6717767,0.9680723,Jab_R,1,
35.8670497,0.8989243,Jab_R,1,
37.1984787,0.7902631,Jab_R,1,
38.3246037,0.9384374,Jab_R,1,
39.4309721,0.9285592,Jab_R,1,
40.6361234,0.8495328,Jab_R,1,
41.9005445,0.9088026,Jab_R,1,
43.0266695,0.8989243,Jab_R,1,
44.2051956,0.9186809,Jab_R,1,
45.4004686,0.819898,Jab_R,1,
46.4475673,0.8495328,Jab_R,1,
47.6374782,0.9384374,Jab_R,1,
48.8228729,0.8594111,Jab_R,1,
49.9983894,0.8001414,Jab_R,1,
51.045488,0.7902631,Jab_R,1,
52.1913696,0.9186809,Jab_R,1,
53.3668861,0.9680723,Jab_R,1,
54.5810608,0.8100197,Jab_R,1,
55.8652384,0.7705065,Jab_R,1,
57.0012417,0.8100197,Jab_R,1,
58.1174884,0.7705065,Jab_R,1,
59.3447605,0.8396545,Jab_R,1,
