Time(Seconds),Length(Seconds),Label(string),Confidence(double),Comment(string)
1.1452998,1.2148516,Sidehook_R,1,
2.9958296,1.2996087,Sidehook_R,1,
4.9734951,1.3984919,Sidehook_R,1,
6.7251416,1.2713563,Sidehook_R,1,
8.8864474,1.2007254,Sidehook_R,1,
10.696176,1.2431039,Sidehook_R,1,
12.3771916,1.3561134,Sidehook_R,1,
14.1429643,1.2148516,Sidehook_R,1,
15.7957276,1.2431039,Sidehook_R,1,
17.5615003,1.1018421,Sidehook_R,1,
19.1295065,1.2572301,Sidehook_R,1,
20.7971572,1.1442207,Sidehook_R,1,
22.3792896,1.172473,Sidehook_R,1,
23.9755481,1.3561134,Sidehook_R,1,
25.7413208,1.3137349,Sidehook_R,1,
27.4223365,1.1583469,Sidehook_R,1,
28.9620903,1.172473,Sidehook_R,1,
30.624183,1.2289778,Sidehook_R,1,
32.333451,1.1159683,Sidehook_R,1,
33.9579619,1.0877159,Sidehook_R,1,
35.3847062,1.2431039,Sidehook_R,1,
37.235236,1.2289778,Sidehook_R,1,
38.9454196,1.3419872,Sidehook_R,1,
41.4740061,1.2713563,Sidehook_R,1,
43.3527883,1.3702396,Sidehook_R,1,
45.3811915,1.2572301,Sidehook_R,1,
47.1893428,1.327861,Sidehook_R,1,
48.997494,1.172473,Sidehook_R,1,
50.8762762,1.2007254,Sidehook_R,1,
52.6561751,1.2854825,Sidehook_R,1,
54.4219478,1.1300945,Sidehook_R,1,
55.9634332,1.1865992,Sidehook_R,1,
57.6727012,1.2854825,Sidehook_R,1,
59.2972121,1.2713563,Sidehook_R,1,
60.8934706,1.4408705,Sidehook_R,1,
62.6889735,1.0453374,Sidehook_R,1,
64.1157178,1.3137349,Sidehook_R,1,
66.7597071,1.2289778,Sidehook_R,1,
68.9492652,1.3702396,Sidehook_R,1,
71.33659,1.2996087,Sidehook_R,1,
73.6109052,1.172473,Sidehook_R,1,
75.3516349,1.3561134,Sidehook_R,1,
77.6259501,1.2572301,Sidehook_R,1,
79.5047323,1.3702396,Sidehook_R,1,
81.3270098,1.4973752,Sidehook_R,1,
83.4035585,1.4126181,Sidehook_R,1,
85.3817314,1.2431039,Sidehook_R,1,
87.6277943,1.2572301,Sidehook_R,1,
89.704343,1.4549967,Sidehook_R,1,
