Time (seconds), Duration (seconds),pred_(unlabeled),pred_Jab_R,pred_Sidehook_R,pred_Uppercut_R
0.00125,0.99750,1.00000,0.00000,0.00000,0.00000
0.10125,0.99750,1.00000,0.00000,0.00000,0.00000
0.20125,0.99750,1.00000,0.00000,0.00000,0.00000
0.30125,0.99750,1.00000,0.00000,0.00000,0.00000
0.40125,0.99750,1.00000,0.00000,0.00000,0.00000
0.50125,0.99750,1.00000,0.00000,0.00000,0.00000
0.60125,0.99750,1.00000,0.00000,0.00000,0.00000
0.70125,0.99750,1.00000,0.00000,0.00000,0.00000
0.80125,0.99750,0.99999,0.00001,0.00000,0.00000
0.90125,0.99750,0.99998,0.00002,0.00000,0.00000
1.00125,0.99750,0.99987,0.00013,0.00000,0.00000
1.10125,0.99750,0.99775,0.00224,0.00001,0.00000
1.20125,0.99750,0.93064,0.06893,0.00043,0.00000
1.30125,0.99750,0.66667,0.33199,0.00134,0.00000
1.40125,0.99750,0.91475,0.08382,0.00143,0.00000
1.50125,0.99750,0.99862,0.00133,0.00005,0.00000
1.60125,0.99750,0.99985,0.00015,0.00000,0.00000
1.70125,0.99750,0.99999,0.00001,0.00000,0.00000
1.80125,0.99750,1.00000,0.00000,0.00000,0.00000
1.90125,0.99750,1.00000,0.00000,0.00000,0.00000
2.00125,0.99750,1.00000,0.00000,0.00000,0.00000
2.10125,0.99750,1.00000,0.00000,0.00000,0.00000
2.20125,0.99750,1.00000,0.00000,0.00000,0.00000
2.30125,0.99750,1.00000,0.00000,0.00000,0.00000
2.40125,0.99750,1.00000,0.00000,0.00000,0.00000
2.50125,0.99750,1.00000,0.00000,0.00000,0.00000
2.60125,0.99750,0.99996,0.00004,0.00000,0.00000
2.70125,0.99750,0.99937,0.00063,0.00000,0.00000
2.80125,0.99750,0.99255,0.00744,0.00001,0.00000
2.90125,0.99750,0.76415,0.23537,0.00048,0.00000
3.00125,0.99750,0.77548,0.22388,0.00064,0.00000
3.10125,0.99750,0.98582,0.01409,0.00009,0.00000
3.20125,0.99750,0.99860,0.00140,0.00000,0.00000
3.30125,0.99750,0.99978,0.00022,0.00000,0.00000
3.40125,0.99750,0.99998,0.00002,0.00000,0.00000
3.50125,0.99750,1.00000,0.00000,0.00000,0.00000
3.60125,0.99750,1.00000,0.00000,0.00000,0.00000
3.70125,0.99750,1.00000,0.00000,0.00000,0.00000
3.80125,0.99750,1.00000,0.00000,0.00000,0.00000
3.90125,0.99750,1.00000,0.00000,0.00000,0.00000
4.00125,0.99750,1.00000,0.00000,0.00000,0.00000
4.10125,0.99750,0.99998,0.00002,0.00000,0.00000
4.20125,0.99750,0.99989,0.00011,0.00000,0.00000
4.30125,0.99750,0.99869,0.00129,0.00003,0.00000
4.40125,0.99750,0.97932,0.02003,0.00065,0.00000
4.50125,0.99750,0.55004,0.44195,0.00801,0.00000
4.60125,0.99750,0.32945,0.66191,0.00864,0.00000
4.70125,0.99750,0.92537,0.07344,0.00119,0.00000
4.80125,0.99750,0.99448,0.00550,0.00003,0.00000
4.90125,0.99750,0.99967,0.00033,0.00000,0.00000
5.00125,0.99750,0.99995,0.00005,0.00000,0.00000
5.10125,0.99750,0.99999,0.00001,0.00000,0.00000
5.20125,0.99750,0.99999,0.00001,0.00000,0.00000
5.30125,0.99750,0.99999,0.00001,0.00000,0.00000
5.40125,0.99750,1.00000,0.00000,0.00000,0.00000
5.50125,0.99750,0.99999,0.00001,0.00000,0.00000
5.60125,0.99750,0.99997,0.00003,0.00000,0.00000
5.70125,0.99750,0.99952,0.00048,0.00000,0.00000
5.80125,0.99750,0.99310,0.00686,0.00004,0.00000
5.90125,0.99750,0.80910,0.19020,0.00070,0.00000
6.00125,0.99750,0.26855,0.72840,0.00305,0.00000
6.10125,0.99750,0.82406,0.17496,0.00098,0.00000
6.20125,0.99750,0.98582,0.01415,0.00002,0.00000
6.30125,0.99750,0.99902,0.00098,0.00000,0.00000
6.40125,0.99750,0.99993,0.00007,0.00000,0.00000
6.50125,0.99750,0.99999,0.00001,0.00000,0.00000
6.60125,0.99750,1.00000,0.00000,0.00000,0.00000
6.70125,0.99750,1.00000,0.00000,0.00000,0.00000
6.80125,0.99750,1.00000,0.00000,0.00000,0.00000
6.90125,0.99750,1.00000,0.00000,0.00000,0.00000
7.00125,0.99750,1.00000,0.00000,0.00000,0.00000
7.10125,0.99750,1.00000,0.00000,0.00000,0.00000
7.20125,0.99750,0.99998,0.00002,0.00000,0.00000
7.30125,0.99750,0.99967,0.00033,0.00000,0.00000
7.40125,0.99750,0.99534,0.00462,0.00004,0.00000
7.50125,0.99750,0.89258,0.10660,0.00082,0.00000
7.60125,0.99750,0.41714,0.58012,0.00274,0.00000
7.70125,0.99750,0.86482,0.13095,0.00423,0.00000
7.80125,0.99750,0.95698,0.04162,0.00139,0.00000
7.90125,0.99750,0.99439,0.00550,0.00012,0.00000
8.00125,0.99750,0.99920,0.00079,0.00002,0.00000
8.10125,0.99750,0.99992,0.00006,0.00002,0.00000
8.20125,0.99750,0.99998,0.00001,0.00000,0.00000
8.30125,0.99750,1.00000,0.00000,0.00000,0.00000
8.40125,0.99750,1.00000,0.00000,0.00000,0.00000
8.50125,0.99750,1.00000,0.00000,0.00000,0.00000
8.60125,0.99750,1.00000,0.00000,0.00000,0.00000
8.70125,0.99750,1.00000,0.00000,0.00000,0.00000
8.80125,0.99750,1.00000,0.00000,0.00000,0.00000
8.90125,0.99750,1.00000,0.00000,0.00000,0.00000
9.00125,0.99750,0.99996,0.00004,0.00000,0.00000
9.10125,0.99750,0.99893,0.00107,0.00000,0.00000
9.20125,0.99750,0.99086,0.00914,0.00000,0.00000
9.30125,0.99750,0.80202,0.19798,0.00000,0.00000
9.40125,0.99750,0.42286,0.57714,0.00000,0.00000
9.50125,0.99750,0.95074,0.04926,0.00000,0.00000
9.60125,0.99750,0.99682,0.00318,0.00000,0.00000
9.70125,0.99750,0.99982,0.00018,0.00000,0.00000
9.80125,0.99750,0.99999,0.00001,0.00000,0.00000
9.90125,0.99750,1.00000,0.00000,0.00000,0.00000
10.00125,0.99750,1.00000,0.00000,0.00000,0.00000
10.10125,0.99750,1.00000,0.00000,0.00000,0.00000
10.20125,0.99750,1.00000,0.00000,0.00000,0.00000
10.30125,0.99750,1.00000,0.00000,0.00000,0.00000
10.40125,0.99750,1.00000,0.00000,0.00000,0.00000
10.50125,0.99750,0.99999,0.00001,0.00000,0.00000
10.60125,0.99750,0.99986,0.00014,0.00000,0.00000
10.70125,0.99750,0.99759,0.00241,0.00000,0.00000
10.80125,0.99750,0.96410,0.03586,0.00004,0.00000
10.90125,0.99750,0.40557,0.59382,0.00061,0.00000
11.00125,0.99750,0.39472,0.60445,0.00082,0.00000
11.10125,0.99750,0.94618,0.05377,0.00004,0.00000
11.20125,0.99750,0.99474,0.00526,0.00000,0.00000
11.30125,0.99750,0.99953,0.00047,0.00000,0.00000
11.40125,0.99750,0.99997,0.00003,0.00000,0.00000
11.50125,0.99750,1.00000,0.00000,0.00000,0.00000
11.60125,0.99750,1.00000,0.00000,0.00000,0.00000
11.70125,0.99750,1.00000,0.00000,0.00000,0.00000
11.80125,0.99750,1.00000,0.00000,0.00000,0.00000
11.90125,0.99750,0.99999,0.00001,0.00000,0.00000
12.00125,0.99750,0.99995,0.00005,0.00000,0.00000
12.10125,0.99750,0.99955,0.00045,0.00000,0.00000
12.20125,0.99750,0.99583,0.00417,0.00000,0.00000
12.30125,0.99750,0.93320,0.06671,0.00009,0.00000
12.40125,0.99750,0.41397,0.58542,0.00062,0.00000
12.50125,0.99750,0.24368,0.75477,0.00156,0.00000
12.60125,0.99750,0.76137,0.23851,0.00012,0.00000
12.70125,0.99750,0.98083,0.01917,0.00000,0.00000
12.80125,0.99750,0.99837,0.00163,0.00000,0.00000
12.90125,0.99750,0.99989,0.00010,0.00000,0.00000
13.00125,0.99750,0.99998,0.00002,0.00000,0.00000
13.10125,0.99750,1.00000,0.00000,0.00000,0.00000
13.20125,0.99750,1.00000,0.00000,0.00000,0.00000
13.30125,0.99750,1.00000,0.00000,0.00000,0.00000
13.40125,0.99750,1.00000,0.00000,0.00000,0.00000
13.50125,0.99750,0.99999,0.00001,0.00000,0.00000
13.60125,0.99750,0.99995,0.00005,0.00000,0.00000
13.70125,0.99750,0.99934,0.00066,0.00000,0.00000
13.80125,0.99750,0.99148,0.00851,0.00001,0.00000
13.90125,0.99750,0.72651,0.27330,0.00019,0.00000
14.00125,0.99750,0.25353,0.74614,0.00032,0.00000
14.10125,0.99750,0.87549,0.12435,0.00015,0.00000
14.20125,0.99750,0.99041,0.00958,0.00000,0.00000
14.30125,0.99750,0.99936,0.00064,0.00000,0.00000
14.40125,0.99750,0.99991,0.00009,0.00000,0.00000
14.50125,0.99750,0.99999,0.00001,0.00000,0.00000
14.60125,0.99750,1.00000,0.00000,0.00000,0.00000
14.70125,0.99750,1.00000,0.00000,0.00000,0.00000
14.80125,0.99750,1.00000,0.00000,0.00000,0.00000
14.90125,0.99750,1.00000,0.00000,0.00000,0.00000
15.00125,0.99750,1.00000,0.00000,0.00000,0.00000
15.10125,0.99750,1.00000,0.00000,0.00000,0.00000
15.20125,0.99750,1.00000,0.00000,0.00000,0.00000
15.30125,0.99750,0.99998,0.00002,0.00000,0.00000
15.40125,0.99750,0.99980,0.00020,0.00000,0.00000
15.50125,0.99750,0.99557,0.00443,0.00000,0.00000
15.60125,0.99750,0.92338,0.07661,0.00001,0.00000
15.70125,0.99750,0.63965,0.36028,0.00007,0.00000
15.80125,0.99750,0.25025,0.74968,0.00007,0.00000
15.90125,0.99750,0.88886,0.11112,0.00001,0.00000
16.00125,0.99750,0.99358,0.00642,0.00000,0.00000
16.10125,0.99750,0.99973,0.00027,0.00000,0.00000
16.20125,0.99750,0.99997,0.00003,0.00000,0.00000
16.30125,0.99750,1.00000,0.00000,0.00000,0.00000
16.40125,0.99750,1.00000,0.00000,0.00000,0.00000
16.50125,0.99750,1.00000,0.00000,0.00000,0.00000
16.60125,0.99750,1.00000,0.00000,0.00000,0.00000
16.70125,0.99750,1.00000,0.00000,0.00000,0.00000
16.80125,0.99750,0.99999,0.00001,0.00000,0.00000
16.90125,0.99750,0.99989,0.00011,0.00000,0.00000
17.00125,0.99750,0.99818,0.00181,0.00000,0.00000
17.10125,0.99750,0.95837,0.04157,0.00006,0.00000
17.20125,0.99750,0.65368,0.34545,0.00087,0.00000
17.30125,0.99750,0.24161,0.75697,0.00142,0.00000
17.40125,0.99750,0.92223,0.07749,0.00028,0.00000
17.50125,0.99750,0.99371,0.00628,0.00001,0.00000
17.60125,0.99750,0.99973,0.00027,0.00000,0.00000
17.70125,0.99750,0.99998,0.00002,0.00000,0.00000
17.80125,0.99750,1.00000,0.00000,0.00000,0.00000
17.90125,0.99750,1.00000,0.00000,0.00000,0.00000
18.00125,0.99750,1.00000,0.00000,0.00000,0.00000
18.10125,0.99750,1.00000,0.00000,0.00000,0.00000
18.20125,0.99750,1.00000,0.00000,0.00000,0.00000
18.30125,0.99750,0.99999,0.00001,0.00000,0.00000
18.40125,0.99750,0.99994,0.00006,0.00000,0.00000
18.50125,0.99750,0.99907,0.00093,0.00000,0.00000
18.60125,0.99750,0.98623,0.01376,0.00000,0.00000
18.70125,0.99750,0.63180,0.36814,0.00006,0.00000
18.80125,0.99750,0.12185,0.87793,0.00022,0.00000
18.90125,0.99750,0.63273,0.36717,0.00010,0.00000
19.00125,0.99750,0.96157,0.03843,0.00000,0.00000
19.10125,0.99750,0.99748,0.00252,0.00000,0.00000
19.20125,0.99750,0.99980,0.00020,0.00000,0.00000
19.30125,0.99750,0.99999,0.00001,0.00000,0.00000
19.40125,0.99750,1.00000,0.00000,0.00000,0.00000
19.50125,0.99750,1.00000,0.00000,0.00000,0.00000
19.60125,0.99750,1.00000,0.00000,0.00000,0.00000
19.70125,0.99750,1.00000,0.00000,0.00000,0.00000
19.80125,0.99750,1.00000,0.00000,0.00000,0.00000
19.90125,0.99750,0.99999,0.00001,0.00000,0.00000
20.00125,0.99750,0.99986,0.00014,0.00000,0.00000
20.10125,0.99750,0.99782,0.00216,0.00001,0.00000
20.20125,0.99750,0.97259,0.02708,0.00034,0.00000
20.30125,0.99750,0.48126,0.51453,0.00421,0.00000
20.40125,0.99750,0.40268,0.59362,0.00369,0.00000
20.50125,0.99750,0.90428,0.09530,0.00042,0.00000
20.60125,0.99750,0.99011,0.00988,0.00001,0.00000
20.70125,0.99750,0.99931,0.00069,0.00000,0.00000
20.80125,0.99750,0.99989,0.00011,0.00000,0.00000
20.90125,0.99750,0.99996,0.00004,0.00000,0.00000
21.00125,0.99750,1.00000,0.00000,0.00000,0.00000
21.10125,0.99750,1.00000,0.00000,0.00000,0.00000
21.20125,0.99750,1.00000,0.00000,0.00000,0.00000
21.30125,0.99750,1.00000,0.00000,0.00000,0.00000
21.40125,0.99750,0.99997,0.00003,0.00000,0.00000
21.50125,0.99750,0.99987,0.00013,0.00000,0.00000
21.60125,0.99750,0.99812,0.00188,0.00000,0.00000
21.70125,0.99750,0.97348,0.02651,0.00001,0.00000
21.80125,0.99750,0.89481,0.10509,0.00009,0.00000
21.90125,0.99750,0.33616,0.66330,0.00053,0.00000
22.00125,0.99750,0.77014,0.22966,0.00021,0.00000
22.10125,0.99750,0.97957,0.02042,0.00000,0.00000
22.20125,0.99750,0.99878,0.00122,0.00000,0.00000
22.30125,0.99750,0.99986,0.00014,0.00000,0.00000
22.40125,0.99750,0.99999,0.00001,0.00000,0.00000
22.50125,0.99750,1.00000,0.00000,0.00000,0.00000
22.60125,0.99750,1.00000,0.00000,0.00000,0.00000
22.70125,0.99750,1.00000,0.00000,0.00000,0.00000
22.80125,0.99750,1.00000,0.00000,0.00000,0.00000
22.90125,0.99750,0.99999,0.00001,0.00000,0.00000
23.00125,0.99750,0.99997,0.00003,0.00000,0.00000
23.10125,0.99750,0.99959,0.00041,0.00000,0.00000
23.20125,0.99750,0.99336,0.00663,0.00001,0.00000
23.30125,0.99750,0.91102,0.08883,0.00016,0.00000
23.40125,0.99750,0.26875,0.72962,0.00162,0.00001
23.50125,0.99750,0.22538,0.77251,0.00210,0.00001
23.60125,0.99750,0.50689,0.49251,0.00060,0.00000
23.70125,0.99750,0.94239,0.05744,0.00017,0.00000
23.80125,0.99750,0.99872,0.00125,0.00003,0.00000
23.90125,0.99750,0.99984,0.00013,0.00004,0.00000
24.00125,0.99750,0.99998,0.00001,0.00001,0.00000
24.10125,0.99750,0.99999,0.00000,0.00000,0.00001
24.20125,0.99750,0.99999,0.00000,0.00000,0.00001
24.30125,0.99750,0.99999,0.00000,0.00000,0.00001
24.40125,0.99750,0.99996,0.00000,0.00000,0.00004
24.50125,0.99750,0.99990,0.00000,0.00000,0.00009
24.60125,0.99750,0.99997,0.00000,0.00000,0.00002
24.70125,0.99750,0.99994,0.00006,0.00000,0.00000
24.80125,0.99750,0.99488,0.00512,0.00000,0.00000
24.90125,0.99750,0.97522,0.02473,0.00005,0.00000
25.00125,0.99750,0.49047,0.50903,0.00049,0.00001
25.10125,0.99750,0.22632,0.77281,0.00086,0.00001
25.20125,0.99750,0.46630,0.53345,0.00024,0.00000
25.30125,0.99750,0.94450,0.05548,0.00001,0.00000
25.40125,0.99750,0.99442,0.00558,0.00000,0.00000
25.50125,0.99750,0.99974,0.00026,0.00000,0.00000
25.60125,0.99750,0.99996,0.00004,0.00000,0.00000
25.70125,0.99750,0.99999,0.00001,0.00000,0.00000
25.80125,0.99750,1.00000,0.00000,0.00000,0.00000
25.90125,0.99750,1.00000,0.00000,0.00000,0.00000
26.00125,0.99750,1.00000,0.00000,0.00000,0.00000
26.10125,0.99750,1.00000,0.00000,0.00000,0.00000
26.20125,0.99750,0.99999,0.00001,0.00000,0.00000
26.30125,0.99750,0.99992,0.00008,0.00000,0.00000
26.40125,0.99750,0.99881,0.00119,0.00000,0.00000
26.50125,0.99750,0.97426,0.02574,0.00000,0.00000
26.60125,0.99750,0.77287,0.22711,0.00002,0.00000
26.70125,0.99750,0.41549,0.58433,0.00018,0.00000
26.80125,0.99750,0.23979,0.75986,0.00035,0.00000
26.90125,0.99750,0.43487,0.56487,0.00025,0.00000
27.00125,0.99750,0.89869,0.10129,0.00002,0.00000
27.10125,0.99750,0.99167,0.00831,0.00002,0.00000
27.20125,0.99750,0.99904,0.00061,0.00034,0.00000
27.30125,0.99750,0.99977,0.00009,0.00008,0.00006
27.40125,0.99750,0.99979,0.00003,0.00005,0.00013
27.50125,0.99750,0.99970,0.00003,0.00004,0.00023
27.60125,0.99750,0.99971,0.00003,0.00004,0.00022
27.70125,0.99750,0.99949,0.00003,0.00000,0.00048
27.80125,0.99750,0.99995,0.00004,0.00000,0.00001
27.90125,0.99750,0.99964,0.00036,0.00000,0.00000
28.00125,0.99750,0.99283,0.00716,0.00001,0.00000
28.10125,0.99750,0.93822,0.06150,0.00027,0.00001
28.20125,0.99750,0.55819,0.44042,0.00139,0.00000
28.30125,0.99750,0.17328,0.82363,0.00310,0.00000
28.40125,0.99750,0.17645,0.82157,0.00197,0.00000
28.50125,0.99750,0.80635,0.19341,0.00024,0.00000
28.60125,0.99750,0.98028,0.01971,0.00001,0.00000
28.70125,0.99750,0.99911,0.00088,0.00001,0.00000
28.80125,0.99750,0.99991,0.00007,0.00001,0.00000
28.90125,0.99750,0.99996,0.00003,0.00001,0.00000
29.00125,0.99750,0.99995,0.00003,0.00002,0.00000
29.10125,0.99750,0.99997,0.00003,0.00000,0.00000
29.20125,0.99750,0.99998,0.00002,0.00000,0.00000
29.30125,0.99750,1.00000,0.00000,0.00000,0.00000
29.40125,0.99750,0.99997,0.00003,0.00000,0.00000
29.50125,0.99750,0.99941,0.00059,0.00000,0.00000
29.60125,0.99750,0.99400,0.00598,0.00002,0.00000
29.70125,0.99750,0.86458,0.13492,0.00050,0.00000
29.80125,0.99750,0.17093,0.82707,0.00199,0.00000
29.90125,0.99750,0.83576,0.16360,0.00065,0.00000
30.00125,0.99750,0.97655,0.02339,0.00006,0.00000
30.10125,0.99750,0.99915,0.00085,0.00000,0.00000
30.20125,0.99750,0.99994,0.00005,0.00001,0.00000
30.30125,0.99750,0.99993,0.00003,0.00003,0.00000
30.40125,0.99750,0.99978,0.00004,0.00009,0.00009
30.50125,0.99750,0.99970,0.00003,0.00008,0.00019
30.60125,0.99750,0.99917,0.00004,0.00000,0.00079
30.70125,0.99750,0.99991,0.00002,0.00000,0.00007
30.80125,0.99750,0.99995,0.00005,0.00000,0.00000
30.90125,0.99750,0.99979,0.00021,0.00000,0.00000
31.00125,0.99750,0.98960,0.01039,0.00001,0.00000
31.10125,0.99750,0.77871,0.22102,0.00026,0.00000
31.20125,0.99750,0.29702,0.70187,0.00111,0.00000
31.30125,0.99750,0.22378,0.77483,0.00138,0.00000
31.40125,0.99750,0.82838,0.17142,0.00020,0.00000
31.50125,0.99750,0.98780,0.01219,0.00001,0.00000
31.60125,0.99750,0.99943,0.00055,0.00002,0.00000
31.70125,0.99750,0.99973,0.00022,0.00005,0.00000
31.80125,0.99750,0.99967,0.00020,0.00013,0.00000
31.90125,0.99750,0.99965,0.00023,0.00012,0.00000
32.00125,0.99750,0.99983,0.00016,0.00001,0.00000
32.10125,0.99750,0.99983,0.00016,0.00000,0.00000
32.20125,0.99750,0.99990,0.00010,0.00000,0.00000
32.30125,0.99750,0.99908,0.00092,0.00000,0.00000
32.40125,0.99750,0.98512,0.01487,0.00000,0.00000
32.50125,0.99750,0.79133,0.20860,0.00006,0.00000
32.60125,0.99750,0.33943,0.66022,0.00034,0.00001
32.70125,0.99750,0.19649,0.80327,0.00022,0.00002
32.80125,0.99750,0.85592,0.14403,0.00004,0.00001
32.90125,0.99750,0.99125,0.00875,0.00000,0.00000
33.00125,0.99750,0.99959,0.00041,0.00000,0.00000
33.10125,0.99750,0.99997,0.00002,0.00000,0.00000
33.20125,0.99750,1.00000,0.00000,0.00000,0.00000
33.30125,0.99750,1.00000,0.00000,0.00000,0.00000
33.40125,0.99750,1.00000,0.00000,0.00000,0.00000
33.50125,0.99750,0.99999,0.00000,0.00000,0.00000
33.60125,0.99750,0.99999,0.00000,0.00000,0.00000
33.70125,0.99750,0.99998,0.00002,0.00000,0.00000
33.80125,0.99750,0.99990,0.00010,0.00000,0.00000
33.90125,0.99750,0.99787,0.00213,0.00000,0.00000
34.00125,0.99750,0.96110,0.03886,0.00004,0.00000
34.10125,0.99750,0.49465,0.50490,0.00046,0.00000
34.20125,0.99750,0.14548,0.85391,0.00061,0.00000
34.30125,0.99750,0.74935,0.25056,0.00009,0.00000
34.40125,0.99750,0.98131,0.01868,0.00000,0.00000
34.50125,0.99750,0.99892,0.00108,0.00000,0.00000
34.60125,0.99750,0.99989,0.00011,0.00000,0.00000
34.70125,0.99750,0.99998,0.00002,0.00000,0.00000
34.80125,0.99750,1.00000,0.00000,0.00000,0.00000
34.90125,0.99750,1.00000,0.00000,0.00000,0.00000
35.00125,0.99750,1.00000,0.00000,0.00000,0.00000
35.10125,0.99750,1.00000,0.00000,0.00000,0.00000
35.20125,0.99750,0.99998,0.00002,0.00000,0.00000
35.30125,0.99750,0.99992,0.00008,0.00000,0.00000
35.40125,0.99750,0.99831,0.00169,0.00000,0.00000
35.50125,0.99750,0.97880,0.02119,0.00001,0.00000
35.60125,0.99750,0.76257,0.23737,0.00006,0.00000
35.70125,0.99750,0.33313,0.66679,0.00008,0.00000
35.80125,0.99750,0.82357,0.17639,0.00004,0.00000
35.90125,0.99750,0.99226,0.00774,0.00000,0.00000
36.00125,0.99750,0.99963,0.00037,0.00000,0.00000
36.10125,0.99750,0.99996,0.00004,0.00000,0.00000
36.20125,0.99750,0.99998,0.00002,0.00000,0.00000
36.30125,0.99750,0.99997,0.00002,0.00001,0.00000
36.40125,0.99750,0.99995,0.00003,0.00001,0.00002
36.50125,0.99750,0.99995,0.00002,0.00000,0.00002
36.60125,0.99750,0.99993,0.00006,0.00000,0.00000
36.70125,0.99750,0.99985,0.00015,0.00000,0.00000
36.80125,0.99750,0.99800,0.00200,0.00001,0.00000
36.90125,0.99750,0.94940,0.05044,0.00016,0.00000
37.00125,0.99750,0.67180,0.32665,0.00154,0.00001
37.10125,0.99750,0.24545,0.75272,0.00182,0.00001
37.20125,0.99750,0.35926,0.64017,0.00055,0.00002
37.30125,0.99750,0.92144,0.07852,0.00004,0.00000
37.40125,0.99750,0.99577,0.00423,0.00000,0.00000
37.50125,0.99750,0.99972,0.00028,0.00000,0.00000
37.60125,0.99750,0.99998,0.00002,0.00000,0.00000
37.70125,0.99750,0.99998,0.00002,0.00000,0.00000
37.80125,0.99750,0.99997,0.00002,0.00000,0.00000
37.90125,0.99750,0.99998,0.00002,0.00000,0.00000
38.00125,0.99750,0.99999,0.00001,0.00000,0.00000
38.10125,0.99750,0.99998,0.00002,0.00000,0.00000
38.20125,0.99750,0.99976,0.00024,0.00000,0.00000
38.30125,0.99750,0.99709,0.00289,0.00002,0.00000
38.40125,0.99750,0.94537,0.05426,0.00037,0.00000
38.50125,0.99750,0.28415,0.71279,0.00305,0.00000
38.60125,0.99750,0.45568,0.54138,0.00293,0.00002
38.70125,0.99750,0.94979,0.05006,0.00015,0.00000
38.80125,0.99750,0.99683,0.00316,0.00000,0.00000
38.90125,0.99750,0.99964,0.00036,0.00000,0.00000
39.00125,0.99750,0.99996,0.00004,0.00000,0.00000
39.10125,0.99750,0.99999,0.00000,0.00000,0.00000
39.20125,0.99750,1.00000,0.00000,0.00000,0.00000
39.30125,0.99750,1.00000,0.00000,0.00000,0.00000
39.40125,0.99750,1.00000,0.00000,0.00000,0.00000
39.50125,0.99750,0.99999,0.00001,0.00000,0.00000
39.60125,0.99750,0.99997,0.00003,0.00000,0.00000
39.70125,0.99750,0.99951,0.00049,0.00000,0.00000
39.80125,0.99750,0.99317,0.00683,0.00000,0.00000
39.90125,0.99750,0.89547,0.10451,0.00002,0.00000
40.00125,0.99750,0.24083,0.75905,0.00012,0.00000
40.10125,0.99750,0.39667,0.60322,0.00011,0.00000
40.20125,0.99750,0.93257,0.06742,0.00001,0.00000
40.30125,0.99750,0.99510,0.00490,0.00000,0.00000
40.40125,0.99750,0.99968,0.00032,0.00000,0.00000
40.50125,0.99750,0.99998,0.00002,0.00000,0.00000
40.60125,0.99750,0.99997,0.00003,0.00000,0.00000
40.70125,0.99750,0.99996,0.00004,0.00000,0.00000
40.80125,0.99750,0.99996,0.00004,0.00000,0.00000
40.90125,0.99750,0.99997,0.00003,0.00000,0.00000
41.00125,0.99750,0.99996,0.00004,0.00000,0.00000
41.10125,0.99750,0.99970,0.00030,0.00000,0.00000
41.20125,0.99750,0.99568,0.00432,0.00000,0.00000
41.30125,0.99750,0.89648,0.10351,0.00000,0.00000
41.40125,0.99750,0.38106,0.61892,0.00001,0.00000
41.50125,0.99750,0.55639,0.44360,0.00001,0.00000
41.60125,0.99750,0.96866,0.03134,0.00000,0.00000
41.70125,0.99750,0.99825,0.00175,0.00000,0.00000
41.80125,0.99750,0.99990,0.00010,0.00000,0.00000
41.90125,0.99750,0.99999,0.00001,0.00000,0.00000
42.00125,0.99750,0.99999,0.00000,0.00000,0.00000
42.10125,0.99750,0.99999,0.00001,0.00000,0.00000
42.20125,0.99750,0.99999,0.00001,0.00000,0.00000
42.30125,0.99750,0.99999,0.00001,0.00000,0.00000
42.40125,0.99750,0.99997,0.00003,0.00000,0.00000
42.50125,0.99750,0.99975,0.00025,0.00000,0.00000
42.60125,0.99750,0.99706,0.00294,0.00000,0.00000
42.70125,0.99750,0.88822,0.11178,0.00000,0.00000
42.80125,0.99750,0.37279,0.62720,0.00001,0.00000
42.90125,0.99750,0.44474,0.55525,0.00000,0.00000
43.00125,0.99750,0.97144,0.02856,0.00000,0.00000
43.10125,0.99750,0.99824,0.00176,0.00000,0.00000
43.20125,0.99750,0.99991,0.00009,0.00000,0.00000
43.30125,0.99750,0.99999,0.00001,0.00000,0.00000
43.40125,0.99750,0.99999,0.00000,0.00000,0.00000
43.50125,0.99750,0.99999,0.00001,0.00000,0.00000
43.60125,0.99750,0.99999,0.00001,0.00000,0.00000
43.70125,0.99750,0.99999,0.00001,0.00000,0.00000
43.80125,0.99750,0.99998,0.00002,0.00000,0.00000
43.90125,0.99750,0.99985,0.00015,0.00000,0.00000
44.00125,0.99750,0.99548,0.00451,0.00001,0.00000
44.10125,0.99750,0.92703,0.07282,0.00014,0.00000
44.20125,0.99750,0.21605,0.78329,0.00065,0.00001
44.30125,0.99750,0.64800,0.35140,0.00060,0.00000
44.40125,0.99750,0.98458,0.01538,0.00003,0.00000
44.50125,0.99750,0.99857,0.00143,0.00000,0.00000
44.60125,0.99750,0.99990,0.00010,0.00000,0.00000
44.70125,0.99750,0.99997,0.00002,0.00001,0.00000
44.80125,0.99750,0.99994,0.00004,0.00002,0.00000
44.90125,0.99750,0.99994,0.00004,0.00001,0.00000
45.00125,0.99750,0.99997,0.00003,0.00000,0.00000
45.10125,0.99750,0.99996,0.00004,0.00000,0.00000
45.20125,0.99750,0.99980,0.00020,0.00000,0.00000
45.30125,0.99750,0.99725,0.00274,0.00001,0.00000
45.40125,0.99750,0.95536,0.04449,0.00016,0.00000
45.50125,0.99750,0.51560,0.48102,0.00339,0.00000
45.60125,0.99750,0.09952,0.89381,0.00667,0.00000
45.70125,0.99750,0.62651,0.37204,0.00144,0.00000
45.80125,0.99750,0.95048,0.04948,0.00005,0.00000
45.90125,0.99750,0.99719,0.00281,0.00000,0.00000
46.00125,0.99750,0.99981,0.00019,0.00000,0.00000
46.10125,0.99750,0.99997,0.00003,0.00000,0.00000
46.20125,0.99750,0.99992,0.00007,0.00001,0.00000
46.30125,0.99750,0.99993,0.00006,0.00001,0.00000
46.40125,0.99750,0.99995,0.00005,0.00000,0.00000
46.50125,0.99750,0.99996,0.00004,0.00000,0.00000
46.60125,0.99750,0.99982,0.00018,0.00000,0.00000
46.70125,0.99750,0.99903,0.00097,0.00000,0.00000
46.80125,0.99750,0.98244,0.01754,0.00002,0.00000
46.90125,0.99750,0.75605,0.24349,0.00046,0.00000
47.00125,0.99750,0.18745,0.81183,0.00072,0.00000
47.10125,0.99750,0.71121,0.28831,0.00047,0.00000
47.20125,0.99750,0.96674,0.03325,0.00002,0.00000
47.30125,0.99750,0.99648,0.00352,0.00000,0.00000
47.40125,0.99750,0.99991,0.00009,0.00000,0.00000
47.50125,0.99750,0.99997,0.00003,0.00000,0.00000
47.60125,0.99750,0.99994,0.00006,0.00000,0.00000
47.70125,0.99750,0.99989,0.00011,0.00001,0.00000
47.80125,0.99750,0.99990,0.00010,0.00000,0.00000
47.90125,0.99750,0.99993,0.00007,0.00000,0.00000
48.00125,0.99750,0.99986,0.00014,0.00000,0.00000
48.10125,0.99750,0.99810,0.00190,0.00000,0.00000
48.20125,0.99750,0.98340,0.01660,0.00000,0.00000
48.30125,0.99750,0.83080,0.16908,0.00013,0.00000
48.40125,0.99750,0.16395,0.83567,0.00039,0.00000
48.50125,0.99750,0.64098,0.35867,0.00035,0.00000
48.60125,0.99750,0.94793,0.05205,0.00002,0.00000
48.70125,0.99750,0.99746,0.00254,0.00000,0.00000
48.80125,0.99750,0.99979,0.00021,0.00000,0.00000
48.90125,0.99750,0.99998,0.00001,0.00000,0.00000
49.00125,0.99750,0.99998,0.00001,0.00000,0.00000
49.10125,0.99750,0.99998,0.00002,0.00000,0.00000
49.20125,0.99750,0.99998,0.00002,0.00000,0.00000
49.30125,0.99750,0.99999,0.00001,0.00000,0.00000
49.40125,0.99750,0.99993,0.00006,0.00000,0.00000
49.50125,0.99750,0.99944,0.00056,0.00000,0.00000
49.60125,0.99750,0.99345,0.00655,0.00000,0.00000
49.70125,0.99750,0.89670,0.10325,0.00005,0.00000
49.80125,0.99750,0.35060,0.64878,0.00061,0.00000
49.90125,0.99750,0.12331,0.87576,0.00092,0.00001
50.00125,0.99750,0.46797,0.53134,0.00066,0.00004
50.10125,0.99750,0.96167,0.03827,0.00005,0.00002
50.20125,0.99750,0.99726,0.00274,0.00000,0.00000
50.30125,0.99750,0.99959,0.00040,0.00002,0.00000
50.40125,0.99750,0.99997,0.00002,0.00000,0.00000
50.50125,0.99750,1.00000,0.00000,0.00000,0.00000
50.60125,0.99750,1.00000,0.00000,0.00000,0.00000
50.70125,0.99750,1.00000,0.00000,0.00000,0.00000
50.80125,0.99750,1.00000,0.00000,0.00000,0.00000
50.90125,0.99750,0.99999,0.00001,0.00000,0.00000
51.00125,0.99750,0.99994,0.00006,0.00000,0.00000
51.10125,0.99750,0.99831,0.00169,0.00000,0.00000
51.20125,0.99750,0.97245,0.02755,0.00000,0.00000
51.30125,0.99750,0.67137,0.32863,0.00000,0.00000
51.40125,0.99750,0.26420,0.73579,0.00000,0.00000
51.50125,0.99750,0.40213,0.59786,0.00000,0.00001
51.60125,0.99750,0.90282,0.09717,0.00000,0.00001
51.70125,0.99750,0.99033,0.00967,0.00000,0.00000
51.80125,0.99750,0.99927,0.00064,0.00008,0.00000
51.90125,0.99750,0.99992,0.00005,0.00002,0.00000
52.00125,0.99750,0.99981,0.00008,0.00010,0.00001
52.10125,0.99750,0.99975,0.00010,0.00001,0.00014
52.20125,0.99750,0.99980,0.00010,0.00000,0.00011
52.30125,0.99750,0.99989,0.00011,0.00000,0.00000
52.40125,0.99750,0.99984,0.00016,0.00000,0.00000
52.50125,0.99750,0.99885,0.00115,0.00000,0.00000
52.60125,0.99750,0.98322,0.01678,0.00000,0.00000
52.70125,0.99750,0.77669,0.22329,0.00001,0.00001
52.80125,0.99750,0.07517,0.92481,0.00001,0.00001
52.90125,0.99750,0.73957,0.26040,0.00001,0.00001
53.00125,0.99750,0.97826,0.02174,0.00000,0.00000
53.10125,0.99750,0.99834,0.00166,0.00000,0.00000
53.20125,0.99750,0.99982,0.00018,0.00000,0.00000
53.30125,0.99750,0.99998,0.00001,0.00000,0.00000
53.40125,0.99750,0.99999,0.00001,0.00000,0.00000
53.50125,0.99750,0.99999,0.00001,0.00000,0.00000
53.60125,0.99750,0.99999,0.00001,0.00000,0.00000
53.70125,0.99750,0.99999,0.00001,0.00000,0.00000
53.80125,0.99750,0.99995,0.00005,0.00000,0.00000
53.90125,0.99750,0.99930,0.00070,0.00000,0.00000
54.00125,0.99750,0.99010,0.00989,0.00001,0.00000
54.10125,0.99750,0.82080,0.17908,0.00012,0.00000
54.20125,0.99750,0.35541,0.64420,0.00038,0.00000
54.30125,0.99750,0.78494,0.21493,0.00013,0.00000
54.40125,0.99750,0.98518,0.01481,0.00000,0.00000
54.50125,0.99750,0.99948,0.00052,0.00000,0.00000
54.60125,0.99750,0.99999,0.00001,0.00000,0.00000
54.70125,0.99750,0.99999,0.00001,0.00000,0.00000
54.80125,0.99750,0.99999,0.00001,0.00000,0.00000
54.90125,0.99750,0.99999,0.00001,0.00000,0.00000
55.00125,0.99750,0.99999,0.00001,0.00000,0.00000
55.10125,0.99750,0.99999,0.00001,0.00000,0.00000
55.20125,0.99750,0.99994,0.00006,0.00000,0.00000
55.30125,0.99750,0.99946,0.00054,0.00000,0.00000
55.40125,0.99750,0.99177,0.00822,0.00001,0.00000
55.50125,0.99750,0.70699,0.29294,0.00005,0.00001
55.60125,0.99750,0.28883,0.71106,0.00010,0.00001
55.70125,0.99750,0.45554,0.54425,0.00019,0.00002
55.80125,0.99750,0.94963,0.05033,0.00002,0.00002
55.90125,0.99750,0.99794,0.00205,0.00000,0.00000
56.00125,0.99750,0.99991,0.00009,0.00000,0.00000
56.10125,0.99750,0.99996,0.00002,0.00001,0.00000
56.20125,0.99750,0.99991,0.00004,0.00003,0.00002
56.30125,0.99750,0.99989,0.00004,0.00001,0.00006
56.40125,0.99750,0.99987,0.00003,0.00000,0.00009
56.50125,0.99750,0.99993,0.00007,0.00000,0.00000
56.60125,0.99750,0.99993,0.00007,0.00000,0.00000
56.70125,0.99750,0.99929,0.00070,0.00000,0.00000
56.80125,0.99750,0.98907,0.01092,0.00001,0.00000
56.90125,0.99750,0.88530,0.11465,0.00005,0.00000
57.00125,0.99750,0.44391,0.55580,0.00028,0.00000
57.10125,0.99750,0.93887,0.06107,0.00006,0.00000
57.20125,0.99750,0.99729,0.00271,0.00000,0.00000
57.30125,0.99750,0.99993,0.00007,0.00000,0.00000
57.40125,0.99750,1.00000,0.00000,0.00000,0.00000
57.50125,0.99750,1.00000,0.00000,0.00000,0.00000
57.60125,0.99750,1.00000,0.00000,0.00000,0.00000
57.70125,0.99750,0.99996,0.00000,0.00000,0.00004
57.80125,0.99750,0.99960,0.00000,0.00000,0.00039
57.90125,0.99750,0.99988,0.00000,0.00000,0.00012
58.00125,0.99750,0.99999,0.00001,0.00000,0.00000
58.10125,0.99750,0.99983,0.00017,0.00000,0.00000
58.20125,0.99750,0.99483,0.00514,0.00003,0.00000
58.30125,0.99750,0.92281,0.07686,0.00032,0.00000
58.40125,0.99750,0.29133,0.70717,0.00149,0.00000
58.50125,0.99750,0.23020,0.76757,0.00222,0.00000
58.60125,0.99750,0.83078,0.16894,0.00027,0.00000
58.70125,0.99750,0.98730,0.01268,0.00002,0.00000
58.80125,0.99750,0.99888,0.00112,0.00000,0.00000
58.90125,0.99750,0.99990,0.00010,0.00000,0.00000
59.00125,0.99750,0.99999,0.00001,0.00000,0.00000
59.10125,0.99750,1.00000,0.00000,0.00000,0.00000
59.20125,0.99750,1.00000,0.00000,0.00000,0.00000
59.30125,0.99750,1.00000,0.00000,0.00000,0.00000
59.40125,0.99750,1.00000,0.00000,0.00000,0.00000
59.50125,0.99750,0.99998,0.00002,0.00000,0.00000
59.60125,0.99750,0.99978,0.00022,0.00000,0.00000
59.70125,0.99750,0.99550,0.00450,0.00000,0.00000
59.80125,0.99750,0.94716,0.05283,0.00000,0.00000
59.90125,0.99750,0.46796,0.53203,0.00000,0.00000
60.00125,0.99750,0.12288,0.87711,0.00000,0.00001
60.10125,0.99750,0.69121,0.30874,0.00000,0.00005
60.20125,0.99750,0.96957,0.03043,0.00000,0.00000
60.30125,0.99750,0.99817,0.00183,0.00000,0.00000
60.40125,0.99750,0.99969,0.00028,0.00003,0.00000
60.50125,0.99750,0.99975,0.00021,0.00004,0.00000
60.60125,0.99750,0.99967,0.00024,0.00009,0.00000
60.70125,0.99750,0.99971,0.00023,0.00005,0.00002
60.80125,0.99750,0.99977,0.00021,0.00000,0.00001
60.90125,0.99750,0.99992,0.00008,0.00000,0.00000
61.00125,0.99750,0.99970,0.00030,0.00000,0.00000
61.10125,0.99750,0.99212,0.00787,0.00001,0.00000
61.20125,0.99750,0.92426,0.07548,0.00026,0.00000
61.30125,0.99750,0.34981,0.64710,0.00309,0.00000
61.40125,0.99750,0.43162,0.56496,0.00341,0.00000
61.50125,0.99750,0.91478,0.08463,0.00058,0.00000
61.60125,0.99750,0.99526,0.00471,0.00003,0.00000
61.70125,0.99750,0.99953,0.00047,0.00001,0.00000
61.80125,0.99750,0.99955,0.00035,0.00010,0.00000
61.90125,0.99750,0.99830,0.00118,0.00052,0.00001
62.00125,0.99750,0.99748,0.00141,0.00101,0.00010
62.10125,0.99750,0.99876,0.00103,0.00001,0.00020
62.20125,0.99750,0.99921,0.00079,0.00000,0.00000
62.30125,0.99750,0.99839,0.00160,0.00001,0.00000
62.40125,0.99750,0.99024,0.00970,0.00006,0.00000
62.50125,0.99750,0.91494,0.08432,0.00074,0.00000
62.60125,0.99750,0.27041,0.72696,0.00262,0.00000
62.70125,0.99750,0.27710,0.71977,0.00312,0.00001
62.80125,0.99750,0.87674,0.12272,0.00053,0.00001
62.90125,0.99750,0.99409,0.00589,0.00002,0.00000
63.00125,0.99750,0.99958,0.00042,0.00000,0.00000
63.10125,0.99750,0.99975,0.00021,0.00004,0.00000
63.20125,0.99751,0.99947,0.00040,0.00010,0.00004
63.30125,0.99750,0.99919,0.00051,0.00010,0.00020
63.40125,0.99750,0.99861,0.00038,0.00000,0.00101
63.50125,0.99750,0.99959,0.00041,0.00000,0.00001
63.60125,0.99750,0.99939,0.00061,0.00000,0.00000
63.70125,0.99751,0.99567,0.00433,0.00000,0.00000
63.80125,0.99750,0.92144,0.07856,0.00000,0.00000
63.90125,0.99750,0.38726,0.61272,0.00002,0.00000
64.00125,0.99750,0.11550,0.88447,0.00003,0.00000
64.10125,0.99750,0.57428,0.42570,0.00001,0.00000
64.20125,0.99751,0.95811,0.04189,0.00000,0.00000
64.30125,0.99751,0.99777,0.00223,0.00000,0.00000
64.40125,0.99750,0.99988,0.00011,0.00000,0.00000
64.50125,0.99750,0.99998,0.00002,0.00000,0.00000
64.60125,0.99750,0.99996,0.00003,0.00001,0.00000
64.70125,0.99751,0.99995,0.00004,0.00000,0.00000
64.80125,0.99751,0.99997,0.00003,0.00000,0.00000
64.90125,0.99750,0.99997,0.00003,0.00000,0.00000
65.00125,0.99750,0.99987,0.00013,0.00000,0.00000
65.10125,0.99750,0.99886,0.00114,0.00000,0.00000
65.20125,0.99751,0.97638,0.02362,0.00000,0.00000
65.30125,0.99751,0.54600,0.45399,0.00001,0.00001
65.40125,0.99750,0.17738,0.82260,0.00001,0.00001
65.50125,0.99750,0.72826,0.27169,0.00001,0.00005
65.60125,0.99750,0.97378,0.02622,0.00000,0.00000
65.70125,0.99751,0.99907,0.00093,0.00000,0.00000
65.80125,0.99751,0.99996,0.00004,0.00000,0.00000
65.90125,0.99750,0.99999,0.00000,0.00000,0.00000
66.00125,0.99750,0.99999,0.00001,0.00000,0.00000
66.10125,0.99750,0.99998,0.00001,0.00000,0.00001
66.20125,0.99751,0.99998,0.00001,0.00000,0.00001
66.30125,0.99751,0.99999,0.00001,0.00000,0.00000
66.40125,0.99750,0.99995,0.00005,0.00000,0.00000
66.50125,0.99750,0.99924,0.00076,0.00000,0.00000
66.60125,0.99750,0.99028,0.00972,0.00000,0.00000
66.70125,0.99751,0.75459,0.24541,0.00001,0.00000
66.80125,0.99751,0.08643,0.91355,0.00001,0.00000
66.90125,0.99750,0.50203,0.49794,0.00002,0.00001
67.00125,0.99750,0.96897,0.03103,0.00000,0.00000
67.10125,0.99750,0.99842,0.00158,0.00000,0.00000
67.20125,0.99751,0.99987,0.00012,0.00000,0.00000
67.30125,0.99751,0.99984,0.00006,0.00010,0.00000
67.40125,0.99750,0.99956,0.00011,0.00031,0.00002
67.50125,0.99750,0.99953,0.00014,0.00025,0.00008
67.60125,0.99750,0.99979,0.00009,0.00002,0.00010
67.70125,0.99751,0.99994,0.00005,0.00000,0.00000
67.80125,0.99751,0.99987,0.00013,0.00000,0.00000
67.90125,0.99750,0.99715,0.00282,0.00003,0.00000
68.00125,0.99750,0.93716,0.06186,0.00098,0.00000
68.10125,0.99750,0.48820,0.50631,0.00550,0.00000
68.20125,0.99751,0.24416,0.74890,0.00694,0.00000
68.30125,0.99751,0.52591,0.47300,0.00109,0.00000
68.40125,0.99750,0.95800,0.04194,0.00005,0.00000
68.50125,0.99750,0.99713,0.00287,0.00000,0.00000
68.60125,0.99750,0.99974,0.00026,0.00000,0.00000
68.70125,0.99751,0.99996,0.00004,0.00000,0.00000
68.80125,0.99751,0.99991,0.00008,0.00001,0.00000
68.90125,0.99750,0.99989,0.00010,0.00001,0.00000
69.00125,0.99750,0.99993,0.00006,0.00000,0.00000
69.10125,0.99750,0.99994,0.00006,0.00000,0.00000
69.20125,0.99751,0.99994,0.00006,0.00000,0.00000
69.30125,0.99751,0.99948,0.00052,0.00000,0.00000
69.40125,0.99750,0.99255,0.00742,0.00003,0.00000
69.50125,0.99750,0.83282,0.16634,0.00084,0.00000
69.60125,0.99750,0.33224,0.66249,0.00527,0.00000
69.70125,0.99751,0.45732,0.53875,0.00392,0.00000
69.80125,0.99751,0.92597,0.07379,0.00024,0.00000
69.90125,0.99750,0.99582,0.00417,0.00001,0.00000
70.00125,0.99750,0.99987,0.00012,0.00000,0.00000
70.10125,0.99750,0.99986,0.00011,0.00003,0.00000
70.20125,0.99751,0.99923,0.00047,0.00030,0.00000
70.30125,0.99751,0.99941,0.00049,0.00009,0.00001
70.40125,0.99750,0.99957,0.00043,0.00000,0.00000
70.50125,0.99750,0.99979,0.00021,0.00000,0.00000
70.60125,0.99750,0.99979,0.00021,0.00000,0.00000
70.70125,0.99751,0.99806,0.00193,0.00001,0.00000
70.80125,0.99751,0.96424,0.03561,0.00015,0.00000
70.90125,0.99750,0.35387,0.64467,0.00146,0.00000
71.00125,0.99750,0.50820,0.49003,0.00177,0.00000
71.10125,0.99750,0.97216,0.02776,0.00009,0.00000
71.20125,0.99751,0.99841,0.00159,0.00000,0.00000
71.30125,0.99751,0.99992,0.00008,0.00000,0.00000
71.40125,0.99750,0.99993,0.00005,0.00002,0.00000
71.50125,0.99750,0.99980,0.00012,0.00008,0.00000
71.60125,0.99750,0.99979,0.00015,0.00006,0.00000
71.70125,0.99751,0.99987,0.00013,0.00000,0.00001
71.80125,0.99751,0.99992,0.00008,0.00000,0.00000
71.90125,0.99750,0.99976,0.00024,0.00000,0.00000
72.00125,0.99750,0.99386,0.00614,0.00000,0.00000
72.10125,0.99750,0.91874,0.08125,0.00001,0.00000
72.20125,0.99751,0.39270,0.60723,0.00007,0.00000
72.30125,0.99751,0.11733,0.88260,0.00006,0.00000
72.40125,0.99750,0.63379,0.36620,0.00001,0.00000
72.50125,0.99750,0.95198,0.04801,0.00000,0.00000
72.60125,0.99750,0.99705,0.00295,0.00000,0.00000
72.70125,0.99751,0.99958,0.00041,0.00001,0.00000
72.80125,0.99751,0.99930,0.00069,0.00001,0.00000
72.90125,0.99750,0.99888,0.00108,0.00004,0.00000
73.00125,0.99750,0.99875,0.00125,0.00000,0.00000
73.10125,0.99750,0.99888,0.00112,0.00000,0.00000
73.20125,0.99751,0.99924,0.00076,0.00000,0.00000
73.30125,0.99751,0.99519,0.00481,0.00000,0.00000
73.40125,0.99750,0.95671,0.04329,0.00000,0.00000
73.50125,0.99750,0.64180,0.35819,0.00001,0.00000
73.60125,0.99750,0.13519,0.86477,0.00004,0.00000
73.70125,0.99751,0.58669,0.41329,0.00002,0.00000
73.80125,0.99751,0.97405,0.02595,0.00000,0.00000
73.90125,0.99750,0.99739,0.00261,0.00000,0.00000
74.00125,0.99750,0.99990,0.00010,0.00000,0.00000
74.10125,0.99750,1.00000,0.00000,0.00000,0.00000
74.20125,0.99751,1.00000,0.00000,0.00000,0.00000
74.30125,0.99751,1.00000,0.00000,0.00000,0.00000
74.40125,0.99750,1.00000,0.00000,0.00000,0.00000
74.50125,0.99750,1.00000,0.00000,0.00000,0.00000
74.60125,0.99750,0.99999,0.00001,0.00000,0.00000
74.70125,0.99751,0.99995,0.00005,0.00000,0.00000
74.80125,0.99751,0.99913,0.00087,0.00000,0.00000
74.90125,0.99750,0.99361,0.00638,0.00000,0.00000
75.00125,0.99750,0.71192,0.28802,0.00005,0.00001
75.10125,0.99750,0.35130,0.64862,0.00005,0.00003
75.20125,0.99751,0.85220,0.14779,0.00000,0.00000
75.30125,0.99751,0.98689,0.01311,0.00000,0.00000
75.40125,0.99750,0.99928,0.00072,0.00000,0.00000
75.50125,0.99750,0.99964,0.00036,0.00000,0.00000
75.60125,0.99750,0.99935,0.00064,0.00000,0.00000
75.70125,0.99751,0.99890,0.00109,0.00000,0.00000
75.80125,0.99751,0.99908,0.00092,0.00000,0.00000
75.90125,0.99750,0.99845,0.00155,0.00000,0.00000
76.00125,0.99750,0.99565,0.00435,0.00000,0.00000
76.10125,0.99750,0.96862,0.03138,0.00000,0.00000
76.20125,0.99751,0.83232,0.16765,0.00003,0.00000
76.30125,0.99751,0.21665,0.78324,0.00011,0.00000
76.40125,0.99750,0.28579,0.71407,0.00013,0.00001
76.50125,0.99750,0.96134,0.03862,0.00003,0.00000
76.60125,0.99750,0.99822,0.00178,0.00000,0.00000
76.70125,0.99751,0.99952,0.00048,0.00000,0.00000
76.80125,0.99751,0.99921,0.00048,0.00031,0.00000
76.90125,0.99750,0.99872,0.00058,0.00070,0.00001
77.00125,0.99750,0.99837,0.00075,0.00056,0.00031
77.10125,0.99750,0.99932,0.00063,0.00003,0.00002
77.20125,0.99751,0.99980,0.00020,0.00000,0.00000
77.30125,0.99751,0.99943,0.00056,0.00001,0.00000
77.40125,0.99750,0.99106,0.00880,0.00015,0.00000
77.50125,0.99750,0.74160,0.25564,0.00276,0.00000
77.60125,0.99750,0.31210,0.67770,0.01020,0.00000
77.70125,0.99751,0.42046,0.57315,0.00639,0.00000
77.80125,0.99751,0.83700,0.16086,0.00214,0.00000
77.90125,0.99750,0.93704,0.06221,0.00075,0.00000
78.00125,0.99750,0.93697,0.05816,0.00487,0.00000
78.10125,0.99750,0.89424,0.09997,0.00579,0.00000
78.20125,0.99751,0.69332,0.28113,0.02544,0.00011
78.30125,0.99751,0.79285,0.20680,0.00023,0.00012
78.40125,0.99750,0.81550,0.18440,0.00010,0.00000
78.50125,0.99750,0.82920,0.17068,0.00012,0.00000
78.60125,0.99750,0.86359,0.13633,0.00008,0.00000
78.70125,0.99751,0.53613,0.46350,0.00037,0.00000
78.80125,0.99751,0.18420,0.81534,0.00045,0.00000
78.90125,0.99750,0.33446,0.66523,0.00031,0.00000
79.00125,0.99750,0.85859,0.14140,0.00002,0.00000
79.10125,0.99750,0.99205,0.00794,0.00000,0.00000
79.20125,0.99751,0.99931,0.00069,0.00000,0.00000
79.30125,0.99751,0.99989,0.00009,0.00002,0.00000
79.40125,0.99750,0.99986,0.00009,0.00005,0.00000
79.50125,0.99750,0.99984,0.00012,0.00004,0.00000
79.60125,0.99750,0.99991,0.00008,0.00000,0.00000
79.70125,0.99751,0.99991,0.00009,0.00000,0.00000
79.80125,0.99751,0.99991,0.00009,0.00000,0.00000
79.90125,0.99750,0.99897,0.00103,0.00000,0.00000
80.00125,0.99750,0.98335,0.01665,0.00000,0.00000
80.10125,0.99750,0.76539,0.23459,0.00001,0.00001
80.20125,0.99751,0.20389,0.79609,0.00002,0.00000
80.30125,0.99751,0.31465,0.68534,0.00001,0.00001
80.40125,0.99750,0.92386,0.07614,0.00000,0.00000
80.50125,0.99750,0.99468,0.00532,0.00000,0.00000
80.60125,0.99750,0.99960,0.00040,0.00000,0.00000
80.70125,0.99751,0.99996,0.00003,0.00000,0.00000
80.80125,0.99751,1.00000,0.00000,0.00000,0.00000
80.90125,0.99750,1.00000,0.00000,0.00000,0.00000
81.00125,0.99750,1.00000,0.00000,0.00000,0.00000
81.10125,0.99750,1.00000,0.00000,0.00000,0.00000
81.20125,0.99751,0.99999,0.00001,0.00000,0.00000
81.30125,0.99751,0.99988,0.00012,0.00000,0.00000
81.40125,0.99750,0.99803,0.00197,0.00000,0.00000
81.50125,0.99750,0.96622,0.03378,0.00000,0.00000
81.60125,0.99750,0.62152,0.37846,0.00001,0.00001
81.70125,0.99751,0.08224,0.91774,0.00001,0.00000
81.80125,0.99751,0.12988,0.87010,0.00001,0.00001
81.90125,0.99750,0.69599,0.30400,0.00000,0.00000
82.00125,0.99750,0.96599,0.03401,0.00000,0.00000
82.10125,0.99750,0.99840,0.00158,0.00001,0.00000
82.20125,0.99751,0.99992,0.00007,0.00001,0.00000
82.30125,0.99751,0.99998,0.00001,0.00000,0.00000
82.40125,0.99750,0.99998,0.00001,0.00000,0.00000
82.50125,0.99750,0.99999,0.00001,0.00000,0.00000
82.60125,0.99750,0.99999,0.00001,0.00000,0.00000
82.70125,0.99751,0.99999,0.00001,0.00000,0.00000
82.80125,0.99751,0.99992,0.00008,0.00000,0.00000
82.90125,0.99750,0.99840,0.00160,0.00000,0.00000
83.00125,0.99750,0.97979,0.02019,0.00001,0.00000
83.10125,0.99750,0.60711,0.39272,0.00018,0.00000
83.20125,0.99751,0.22416,0.77544,0.00039,0.00000
83.30125,0.99751,0.46098,0.53883,0.00018,0.00000
83.40125,0.99750,0.92822,0.07177,0.00001,0.00000
83.50125,0.99750,0.99506,0.00494,0.00000,0.00000
83.60125,0.99750,0.99966,0.00034,0.00000,0.00000
83.70125,0.99751,0.99996,0.00004,0.00000,0.00000
83.80125,0.99751,1.00000,0.00000,0.00000,0.00000
83.90125,0.99750,1.00000,0.00000,0.00000,0.00000
84.00125,0.99750,1.00000,0.00000,0.00000,0.00000
84.10125,0.99750,1.00000,0.00000,0.00000,0.00000
84.20125,0.99751,1.00000,0.00000,0.00000,0.00000
84.30125,0.99751,1.00000,0.00000,0.00000,0.00000
84.40125,0.99750,1.00000,0.00000,0.00000,0.00000
84.50125,0.99750,0.99998,0.00002,0.00000,0.00000
84.60125,0.99750,0.99967,0.00033,0.00000,0.00000
84.70125,0.99751,0.99697,0.00303,0.00000,0.00000
84.80125,0.99751,0.95793,0.04206,0.00001,0.00000
84.90125,0.99750,0.40675,0.59316,0.00009,0.00000
85.00125,0.99750,0.15779,0.84206,0.00015,0.00000
85.10125,0.99750,0.89339,0.10658,0.00003,0.00000
85.20125,0.99751,0.99086,0.00914,0.00000,0.00000
85.30125,0.99751,0.99928,0.00072,0.00000,0.00000
85.40125,0.99750,0.99993,0.00007,0.00000,0.00000
85.50125,0.99750,1.00000,0.00000,0.00000,0.00000
85.60125,0.99750,1.00000,0.00000,0.00000,0.00000
85.70125,0.99751,1.00000,0.00000,0.00000,0.00000
85.80125,0.99751,1.00000,0.00000,0.00000,0.00000
85.90125,0.99750,1.00000,0.00000,0.00000,0.00000
86.00125,0.99750,1.00000,0.00000,0.00000,0.00000
86.10125,0.99750,1.00000,0.00000,0.00000,0.00000
86.20125,0.99751,1.00000,0.00000,0.00000,0.00000
86.30125,0.99751,1.00000,0.00000,0.00000,0.00000
86.40125,0.99750,1.00000,0.00000,0.00000,0.00000
86.50125,0.99750,0.99997,0.00003,0.00000,0.00000
86.60125,0.99750,0.99974,0.00026,0.00000,0.00000
86.70125,0.99751,0.99650,0.00350,0.00000,0.00000
86.80125,0.99751,0.95371,0.04620,0.00009,0.00000
86.90125,0.99750,0.50958,0.48836,0.00206,0.00000
87.00125,0.99750,0.23287,0.75965,0.00747,0.00000
87.10125,0.99750,0.20300,0.79168,0.00532,0.00000
87.20125,0.99751,0.85759,0.14158,0.00082,0.00000
87.30125,0.99751,0.98684,0.01312,0.00004,0.00000
87.40125,0.99750,0.99899,0.00100,0.00001,0.00000
87.50125,0.99750,0.99993,0.00007,0.00000,0.00000
87.60125,0.99750,0.99999,0.00001,0.00000,0.00000
87.70125,0.99751,1.00000,0.00000,0.00000,0.00000
87.80125,0.99751,1.00000,0.00000,0.00000,0.00000
87.90125,0.99750,1.00000,0.00000,0.00000,0.00000
88.00125,0.99750,1.00000,0.00000,0.00000,0.00000
88.10125,0.99750,1.00000,0.00000,0.00000,0.00000
88.20125,0.99751,1.00000,0.00000,0.00000,0.00000
88.30125,0.99751,1.00000,0.00000,0.00000,0.00000
88.40125,0.99750,1.00000,0.00000,0.00000,0.00000
88.50125,0.99750,0.99998,0.00002,0.00000,0.00000
88.60125,0.99750,0.99971,0.00029,0.00000,0.00000
88.70125,0.99751,0.99523,0.00477,0.00000,0.00000
88.80125,0.99751,0.95968,0.04032,0.00000,0.00000
88.90125,0.99750,0.41446,0.58553,0.00001,0.00000
89.00125,0.99750,0.22212,0.77787,0.00000,0.00001
89.10125,0.99750,0.61625,0.38374,0.00000,0.00001
89.20125,0.99751,0.92494,0.07506,0.00000,0.00000
89.30125,0.99751,0.99725,0.00275,0.00000,0.00000
89.40125,0.99750,0.99976,0.00023,0.00000,0.00000
89.50125,0.99750,0.99998,0.00002,0.00000,0.00000
89.60125,0.99750,1.00000,0.00000,0.00000,0.00000
89.70125,0.99751,1.00000,0.00000,0.00000,0.00000
89.80125,0.99751,1.00000,0.00000,0.00000,0.00000
89.90125,0.99750,1.00000,0.00000,0.00000,0.00000
90.00125,0.99750,1.00000,0.00000,0.00000,0.00000
90.10125,0.99750,1.00000,0.00000,0.00000,0.00000
90.20125,0.99751,0.99998,0.00001,0.00000,0.00001
90.30125,0.99751,0.99978,0.00022,0.00000,0.00000
90.40125,0.99750,0.99884,0.00115,0.00001,0.00000
90.50125,0.99750,0.96397,0.03583,0.00021,0.00000
90.60125,0.99750,0.72344,0.27465,0.00191,0.00000
90.70125,0.99751,0.16585,0.83170,0.00245,0.00001
90.80125,0.99751,0.35410,0.64487,0.00103,0.00000
90.90125,0.99750,0.89062,0.10921,0.00017,0.00000
91.00125,0.99750,0.99361,0.00638,0.00001,0.00000
91.10125,0.99750,0.99940,0.00060,0.00000,0.00000
91.20125,0.99751,0.99995,0.00005,0.00000,0.00000
91.30125,0.99751,1.00000,0.00000,0.00000,0.00000
91.40125,0.99750,1.00000,0.00000,0.00000,0.00000
91.50125,0.99750,1.00000,0.00000,0.00000,0.00000
91.60125,0.99750,1.00000,0.00000,0.00000,0.00000
91.70125,0.99751,1.00000,0.00000,0.00000,0.00000
91.80125,0.99751,0.99999,0.00001,0.00000,0.00000
91.90125,0.99750,0.99994,0.00006,0.00000,0.00000
92.00125,0.99750,0.99929,0.00071,0.00000,0.00000
92.10125,0.99750,0.98623,0.01376,0.00000,0.00000
92.20125,0.99751,0.83113,0.16876,0.00011,0.00000
92.30125,0.99751,0.17221,0.82732,0.00048,0.00000
92.40125,0.99750,0.28003,0.71967,0.00030,0.00000
92.50125,0.99750,0.85328,0.14667,0.00005,0.00000
92.60125,0.99750,0.98436,0.01564,0.00000,0.00000
92.70125,0.99751,0.99801,0.00199,0.00000,0.00000
92.80125,0.99751,0.99988,0.00012,0.00000,0.00000
92.90125,0.99750,0.99998,0.00002,0.00000,0.00000
93.00125,0.99750,1.00000,0.00000,0.00000,0.00000
93.10125,0.99750,1.00000,0.00000,0.00000,0.00000
93.20125,0.99751,1.00000,0.00000,0.00000,0.00000
93.30125,0.99751,1.00000,0.00000,0.00000,0.00000
93.40125,0.99750,0.99999,0.00001,0.00000,0.00000
93.50125,0.99750,0.99971,0.00029,0.00000,0.00000
93.60125,0.99750,0.99898,0.00102,0.00000,0.00000
93.70125,0.99751,0.98655,0.01336,0.00010,0.00000
93.80125,0.99751,0.81669,0.18113,0.00218,0.00000
93.90125,0.99750,0.22764,0.75393,0.01843,0.00000
94.00125,0.99750,0.25209,0.68520,0.06271,0.00000
94.10125,0.99750,0.22421,0.71283,0.06296,0.00000
94.20125,0.99751,0.41892,0.56543,0.01565,0.00000
94.30125,0.99751,0.93263,0.06622,0.00115,0.00000
94.40125,0.99750,0.99532,0.00463,0.00005,0.00000
94.50125,0.99750,0.99969,0.00029,0.00002,0.00000
94.60125,0.99750,0.99993,0.00007,0.00000,0.00000
94.70125,0.99751,1.00000,0.00000,0.00000,0.00000
94.80125,0.99751,1.00000,0.00000,0.00000,0.00000
94.90125,0.99750,1.00000,0.00000,0.00000,0.00000
95.00125,0.99750,1.00000,0.00000,0.00000,0.00000
95.10125,0.99750,1.00000,0.00000,0.00000,0.00000
95.20125,0.99751,1.00000,0.00000,0.00000,0.00000
95.30125,0.99751,1.00000,0.00000,0.00000,0.00000
95.40125,0.99750,1.00000,0.00000,0.00000,0.00000
95.50125,0.99750,1.00000,0.00000,0.00000,0.00000
95.60125,0.99750,1.00000,0.00000,0.00000,0.00000
95.70125,0.99751,1.00000,0.00000,0.00000,0.00000
95.80125,0.99751,1.00000,0.00000,0.00000,0.00000
95.90125,0.99750,1.00000,0.00000,0.00000,0.00000
96.00125,0.99750,0.99999,0.00001,0.00000,0.00000
96.10125,0.99750,0.99987,0.00013,0.00000,0.00000
96.20125,0.99751,0.99832,0.00168,0.00000,0.00000
96.30125,0.99751,0.98275,0.01725,0.00000,0.00000
96.40125,0.99750,0.84972,0.15010,0.00019,0.00000
96.50125,0.99750,0.29546,0.70194,0.00259,0.00000
96.60125,0.99750,0.12120,0.87595,0.00283,0.00001
96.70125,0.99751,0.88757,0.11141,0.00101,0.00001
96.80125,0.99751,0.99364,0.00625,0.00011,0.00000
96.90125,0.99750,0.99958,0.00037,0.00005,0.00000
97.00125,0.99750,0.99993,0.00003,0.00004,0.00000
97.10125,0.99750,1.00000,0.00000,0.00000,0.00000
97.20125,0.99751,1.00000,0.00000,0.00000,0.00000
97.30125,0.99751,1.00000,0.00000,0.00000,0.00000
97.40125,0.99750,1.00000,0.00000,0.00000,0.00000
97.50125,0.99750,0.99999,0.00000,0.00000,0.00001
97.60125,0.99750,0.99998,0.00000,0.00000,0.00001
97.70125,0.99751,0.99995,0.00005,0.00000,0.00000
97.80125,0.99751,0.99917,0.00083,0.00000,0.00000
97.90125,0.99750,0.98025,0.01975,0.00001,0.00000
98.00125,0.99750,0.74784,0.25207,0.00009,0.00000
98.10125,0.99750,0.17638,0.82342,0.00020,0.00000
98.20125,0.99751,0.30001,0.69987,0.00012,0.00000
98.30125,0.99751,0.93597,0.06400,0.00002,0.00000
98.40125,0.99750,0.99629,0.00371,0.00000,0.00000
98.50125,0.99750,0.99983,0.00017,0.00000,0.00000
98.60125,0.99750,0.99998,0.00001,0.00000,0.00000
98.70125,0.99751,1.00000,0.00000,0.00000,0.00000
98.80125,0.99751,1.00000,0.00000,0.00000,0.00000
98.90125,0.99750,1.00000,0.00000,0.00000,0.00000
99.00125,0.99750,1.00000,0.00000,0.00000,0.00000
99.10125,0.99750,1.00000,0.00000,0.00000,0.00000
99.20125,0.99751,0.99999,0.00001,0.00000,0.00000
99.30125,0.99751,0.99979,0.00021,0.00000,0.00000
99.40125,0.99750,0.99653,0.00347,0.00000,0.00000
99.50125,0.99750,0.93046,0.06953,0.00001,0.00000
99.60125,0.99750,0.32418,0.67572,0.00008,0.00001
99.70125,0.99751,0.11274,0.88717,0.00009,0.00000
99.80125,0.99751,0.65813,0.34181,0.00005,0.00000
99.90125,0.99750,0.98131,0.01869,0.00000,0.00000
100.00125,0.99750,0.99838,0.00162,0.00000,0.00000
100.10125,0.99750,0.99984,0.00016,0.00001,0.00000
100.20125,0.99751,0.99999,0.00001,0.00000,0.00000
100.30125,0.99751,1.00000,0.00000,0.00000,0.00000
100.40125,0.99750,1.00000,0.00000,0.00000,0.00000
100.50125,0.99750,1.00000,0.00000,0.00000,0.00000
100.60125,0.99750,1.00000,0.00000,0.00000,0.00000
100.70125,0.99751,0.99999,0.00001,0.00000,0.00000
100.80125,0.99751,0.99987,0.00013,0.00000,0.00000
100.90125,0.99750,0.99776,0.00224,0.00000,0.00000
101.00125,0.99750,0.97626,0.02371,0.00003,0.00000
101.10125,0.99750,0.66586,0.33319,0.00094,0.00000
101.20125,0.99751,0.09331,0.90417,0.00250,0.00001
101.30125,0.99751,0.25157,0.74575,0.00261,0.00007
101.40125,0.99750,0.80001,0.19976,0.00022,0.00000
101.50125,0.99750,0.97679,0.02320,0.00001,0.00000
101.60125,0.99750,0.99772,0.00228,0.00000,0.00000
101.70125,0.99751,0.99976,0.00023,0.00000,0.00000
101.80125,0.99751,0.99998,0.00002,0.00000,0.00000
101.90125,0.99750,1.00000,0.00000,0.00000,0.00000
102.00125,0.99750,1.00000,0.00000,0.00000,0.00000
102.10125,0.99750,1.00000,0.00000,0.00000,0.00000
102.20125,0.99751,1.00000,0.00000,0.00000,0.00000
102.30125,0.99751,0.99999,0.00001,0.00000,0.00000
102.40125,0.99750,0.99995,0.00005,0.00000,0.00000
102.50125,0.99750,0.99954,0.00046,0.00000,0.00000
102.60125,0.99750,0.99682,0.00318,0.00000,0.00000
102.70125,0.99751,0.96459,0.03541,0.00000,0.00000
102.80125,0.99751,0.64525,0.35473,0.00003,0.00000
102.90125,0.99750,0.13235,0.86761,0.00004,0.00000
103.00125,0.99750,0.76907,0.23089,0.00003,0.00001
103.10125,0.99750,0.98566,0.01434,0.00000,0.00000
103.20125,0.99751,0.99891,0.00109,0.00000,0.00000
103.30125,0.99751,0.99992,0.00008,0.00000,0.00000
103.40125,0.99750,0.99999,0.00001,0.00000,0.00000
103.50125,0.99750,1.00000,0.00000,0.00000,0.00000
103.60125,0.99750,1.00000,0.00000,0.00000,0.00000
103.70125,0.99751,1.00000,0.00000,0.00000,0.00000
103.80125,0.99751,1.00000,0.00000,0.00000,0.00000
103.90125,0.99750,1.00000,0.00000,0.00000,0.00000
104.00125,0.99750,0.99997,0.00003,0.00000,0.00000
104.10125,0.99750,0.99956,0.00044,0.00000,0.00000
104.20125,0.99751,0.99406,0.00594,0.00000,0.00000
104.30125,0.99751,0.91158,0.08841,0.00001,0.00000
104.40125,0.99750,0.33740,0.66255,0.00006,0.00000
104.50125,0.99750,0.61862,0.38135,0.00003,0.00000
104.60125,0.99750,0.97627,0.02373,0.00000,0.00000
104.70125,0.99751,0.99909,0.00091,0.00000,0.00000
104.80125,0.99751,0.99997,0.00003,0.00000,0.00000
104.90125,0.99750,1.00000,0.00000,0.00000,0.00000
105.00125,0.99750,1.00000,0.00000,0.00000,0.00000
105.10125,0.99750,1.00000,0.00000,0.00000,0.00000
105.20125,0.99751,1.00000,0.00000,0.00000,0.00000
105.30125,0.99751,1.00000,0.00000,0.00000,0.00000
105.40125,0.99750,1.00000,0.00000,0.00000,0.00000
105.50125,0.99750,1.00000,0.00000,0.00000,0.00000
105.60125,0.99750,0.99999,0.00001,0.00000,0.00000
105.70125,0.99751,0.99977,0.00023,0.00000,0.00000
105.80125,0.99751,0.99178,0.00821,0.00001,0.00000
105.90125,0.99750,0.86451,0.13520,0.00029,0.00000
106.00125,0.99750,0.20253,0.79536,0.00211,0.00000
106.10125,0.99750,0.26523,0.73292,0.00185,0.00000
106.20125,0.99751,0.91303,0.08671,0.00026,0.00000
106.30125,0.99751,0.99584,0.00415,0.00001,0.00000
106.40125,0.99750,0.99971,0.00027,0.00002,0.00000
106.50125,0.99750,0.99993,0.00005,0.00002,0.00000
106.60125,0.99750,0.99996,0.00002,0.00002,0.00000
106.70125,0.99751,0.99992,0.00003,0.00004,0.00001
106.80125,0.99751,0.99994,0.00003,0.00001,0.00002
106.90125,0.99750,0.99994,0.00002,0.00000,0.00004
107.00125,0.99750,0.99996,0.00004,0.00000,0.00000
107.10125,0.99750,0.99974,0.00026,0.00000,0.00000
107.20125,0.99751,0.99355,0.00644,0.00001,0.00000
107.30125,0.99751,0.84820,0.15166,0.00013,0.00000
107.40125,0.99750,0.39464,0.60481,0.00055,0.00000
107.50125,0.99750,0.20428,0.79532,0.00040,0.00000
107.60125,0.99750,0.89117,0.10876,0.00007,0.00000
107.70125,0.99751,0.99272,0.00728,0.00000,0.00000
107.80125,0.99751,0.99941,0.00059,0.00000,0.00000
107.90125,0.99750,0.99996,0.00004,0.00000,0.00000
108.00125,0.99750,1.00000,0.00000,0.00000,0.00000
108.10125,0.99750,1.00000,0.00000,0.00000,0.00000
108.20125,0.99751,1.00000,0.00000,0.00000,0.00000
108.30125,0.99751,1.00000,0.00000,0.00000,0.00000
108.40125,0.99750,1.00000,0.00000,0.00000,0.00000
108.50125,0.99750,1.00000,0.00000,0.00000,0.00000
108.60125,0.99750,0.99991,0.00009,0.00000,0.00000
108.70125,0.99751,0.99873,0.00127,0.00000,0.00000
108.80125,0.99751,0.98331,0.01667,0.00002,0.00000
108.90125,0.99750,0.75013,0.24957,0.00030,0.00000
109.00125,0.99750,0.08657,0.91293,0.00049,0.00000
109.10125,0.99750,0.39075,0.60885,0.00039,0.00001
109.20125,0.99751,0.95503,0.04493,0.00004,0.00000
109.30125,0.99751,0.99744,0.00255,0.00000,0.00000
109.40125,0.99750,0.99983,0.00017,0.00000,0.00000
109.50125,0.99750,0.99998,0.00002,0.00000,0.00000
109.60125,0.99750,1.00000,0.00000,0.00000,0.00000
109.70125,0.99751,1.00000,0.00000,0.00000,0.00000
109.80125,0.99751,1.00000,0.00000,0.00000,0.00000
109.90125,0.99750,1.00000,0.00000,0.00000,0.00000
110.00125,0.99750,1.00000,0.00000,0.00000,0.00000
110.10125,0.99750,0.99999,0.00001,0.00000,0.00000
110.20125,0.99751,0.99981,0.00019,0.00000,0.00000
110.30125,0.99751,0.99722,0.00278,0.00000,0.00000
110.40125,0.99750,0.96578,0.03421,0.00001,0.00000
110.50125,0.99750,0.72172,0.27819,0.00009,0.00000
110.60125,0.99750,0.09461,0.90527,0.00012,0.00000
110.70125,0.99751,0.59998,0.39997,0.00005,0.00000
110.80125,0.99751,0.97259,0.02740,0.00000,0.00000
110.90125,0.99750,0.99805,0.00195,0.00000,0.00000
111.00125,0.99750,0.99985,0.00015,0.00000,0.00000
111.10125,0.99750,0.99999,0.00001,0.00000,0.00000
111.20125,0.99751,1.00000,0.00000,0.00000,0.00000
111.30125,0.99751,1.00000,0.00000,0.00000,0.00000
111.40125,0.99750,1.00000,0.00000,0.00000,0.00000
111.50125,0.99750,1.00000,0.00000,0.00000,0.00000
111.60125,0.99750,1.00000,0.00000,0.00000,0.00000
111.70125,0.99751,0.99999,0.00001,0.00000,0.00000
111.80125,0.99751,0.99992,0.00008,0.00000,0.00000
111.90125,0.99750,0.99808,0.00192,0.00000,0.00000
112.00125,0.99750,0.97420,0.02577,0.00002,0.00000
112.10125,0.99750,0.72079,0.27857,0.00062,0.00002
112.20125,0.99751,0.11212,0.88677,0.00110,0.00001
112.30125,0.99751,0.38803,0.61123,0.00073,0.00001
112.40125,0.99750,0.94565,0.05428,0.00006,0.00000
112.50125,0.99750,0.99654,0.00346,0.00000,0.00000
112.60125,0.99750,0.99978,0.00022,0.00000,0.00000
112.70125,0.99751,0.99998,0.00001,0.00000,0.00000
112.80125,0.99751,1.00000,0.00000,0.00000,0.00000
112.90125,0.99750,1.00000,0.00000,0.00000,0.00000
113.00125,0.99750,1.00000,0.00000,0.00000,0.00000
113.10125,0.99750,1.00000,0.00000,0.00000,0.00000
113.20125,0.99751,1.00000,0.00000,0.00000,0.00000
113.30125,0.99751,0.99999,0.00001,0.00000,0.00000
113.40125,0.99750,0.99987,0.00013,0.00000,0.00000
113.50125,0.99750,0.99754,0.00246,0.00000,0.00000
113.60125,0.99750,0.96261,0.03737,0.00002,0.00000
113.70125,0.99751,0.47217,0.52759,0.00023,0.00000
113.80125,0.99751,0.07525,0.92449,0.00024,0.00001
113.90125,0.99750,0.82427,0.17564,0.00008,0.00000
114.00125,0.99750,0.98395,0.01605,0.00000,0.00000
114.10125,0.99750,0.99922,0.00078,0.00000,0.00000
114.20125,0.99751,0.99993,0.00007,0.00000,0.00000
114.30125,0.99751,0.99999,0.00001,0.00000,0.00000
114.40125,0.99750,1.00000,0.00000,0.00000,0.00000
114.50125,0.99750,1.00000,0.00000,0.00000,0.00000
114.60125,0.99750,1.00000,0.00000,0.00000,0.00000
114.70125,0.99751,1.00000,0.00000,0.00000,0.00000
114.80125,0.99751,1.00000,0.00000,0.00000,0.00000
114.90125,0.99750,0.99998,0.00002,0.00000,0.00000
115.00125,0.99750,0.99985,0.00015,0.00000,0.00000
115.10125,0.99750,0.99660,0.00340,0.00000,0.00000
115.20125,0.99751,0.96018,0.03982,0.00000,0.00000
115.30125,0.99751,0.63179,0.36820,0.00000,0.00001
115.40125,0.99750,0.09072,0.90925,0.00001,0.00002
115.50125,0.99750,0.42996,0.56987,0.00002,0.00016
115.60125,0.99750,0.95324,0.04675,0.00000,0.00001
115.70125,0.99751,0.99675,0.00325,0.00000,0.00000
115.80125,0.99751,0.99982,0.00018,0.00000,0.00000
115.90125,0.99750,0.99999,0.00001,0.00001,0.00000
116.00125,0.99750,1.00000,0.00000,0.00000,0.00000
116.10125,0.99750,0.99999,0.00000,0.00000,0.00000
116.20125,0.99751,1.00000,0.00000,0.00000,0.00000
116.30125,0.99751,1.00000,0.00000,0.00000,0.00000
116.40125,0.99750,1.00000,0.00000,0.00000,0.00000
116.50125,0.99750,0.99990,0.00010,0.00000,0.00000
116.60125,0.99750,0.99793,0.00206,0.00000,0.00000
116.70125,0.99751,0.96971,0.03028,0.00001,0.00001
116.80125,0.99751,0.58167,0.41823,0.00009,0.00002
116.90125,0.99750,0.10423,0.89567,0.00009,0.00001
117.00125,0.99750,0.53357,0.46639,0.00004,0.00000
117.10125,0.99750,0.97450,0.02550,0.00000,0.00000
117.20125,0.99751,0.99817,0.00183,0.00000,0.00000
117.30125,0.99751,0.99993,0.00007,0.00000,0.00000
117.40125,0.99750,0.99999,0.00001,0.00000,0.00000
117.50125,0.99750,0.99999,0.00001,0.00001,0.00000
117.60125,0.99750,0.99999,0.00001,0.00001,0.00000
117.70125,0.99751,0.99999,0.00001,0.00000,0.00000
117.80125,0.99751,0.99999,0.00001,0.00000,0.00000
117.90125,0.99750,0.99996,0.00004,0.00000,0.00000
118.00125,0.99750,0.99955,0.00045,0.00000,0.00000
118.10125,0.99750,0.99232,0.00764,0.00004,0.00000
118.20125,0.99751,0.86786,0.13106,0.00107,0.00000
118.30125,0.99751,0.21346,0.78337,0.00317,0.00000
118.40125,0.99750,0.18843,0.80985,0.00172,0.00000
118.50125,0.99750,0.68806,0.31175,0.00019,0.00000
118.60125,0.99750,0.96054,0.03945,0.00001,0.00000
118.70125,0.99751,0.99838,0.00162,0.00000,0.00000
118.80125,0.99751,0.99991,0.00009,0.00000,0.00000
118.90125,0.99750,0.99996,0.00004,0.00000,0.00000
119.00125,0.99750,0.99997,0.00003,0.00000,0.00000
119.10125,0.99750,0.99996,0.00004,0.00000,0.00000
119.20125,0.99751,0.99997,0.00003,0.00000,0.00000
119.30125,0.99751,0.99995,0.00005,0.00000,0.00000
119.40125,0.99750,0.99949,0.00051,0.00000,0.00000
119.50125,0.99750,0.99748,0.00252,0.00000,0.00000
119.60125,0.99750,0.96208,0.03792,0.00000,0.00000
119.70125,0.99751,0.40029,0.59969,0.00001,0.00000
119.80125,0.99751,0.23243,0.76754,0.00001,0.00001
119.90125,0.99750,0.77688,0.22310,0.00000,0.00002
120.00125,0.99750,0.97048,0.02952,0.00000,0.00000
120.10125,0.99750,0.99693,0.00307,0.00000,0.00000
120.20125,0.99751,0.99973,0.00027,0.00000,0.00000
120.30125,0.99751,0.99999,0.00001,0.00000,0.00000
120.40125,0.99750,1.00000,0.00000,0.00000,0.00000
120.50125,0.99750,1.00000,0.00000,0.00000,0.00000
120.60125,0.99750,1.00000,0.00000,0.00000,0.00000
120.70125,0.99751,0.99999,0.00001,0.00000,0.00000
120.80125,0.99751,0.99996,0.00004,0.00000,0.00000
120.90125,0.99750,0.99961,0.00039,0.00000,0.00000
121.00125,0.99750,0.99630,0.00370,0.00000,0.00000
121.10125,0.99750,0.96613,0.03387,0.00000,0.00000
121.20125,0.99751,0.56219,0.43779,0.00001,0.00001
121.30125,0.99751,0.17477,0.82519,0.00002,0.00002
121.40125,0.99750,0.07841,0.92152,0.00002,0.00004
121.50125,0.99750,0.65477,0.34520,0.00001,0.00002
121.60125,0.99750,0.96707,0.03293,0.00000,0.00000
121.70125,0.99751,0.99841,0.00159,0.00000,0.00000
121.80125,0.99751,0.99987,0.00013,0.00001,0.00000
121.90125,0.99750,0.99999,0.00001,0.00000,0.00000
122.00125,0.99750,1.00000,0.00000,0.00000,0.00000
122.10125,0.99750,1.00000,0.00000,0.00000,0.00000
122.20125,0.99751,0.99999,0.00001,0.00000,0.00000
122.30125,0.99751,0.99999,0.00001,0.00000,0.00000
122.40125,0.99750,0.99998,0.00002,0.00000,0.00000
122.50125,0.99750,0.99975,0.00025,0.00000,0.00000
122.60125,0.99750,0.99511,0.00489,0.00000,0.00000
122.70125,0.99751,0.88121,0.11879,0.00000,0.00000
122.80125,0.99751,0.42252,0.57747,0.00000,0.00002
122.90125,0.99750,0.15851,0.84146,0.00000,0.00003
123.00125,0.99750,0.84878,0.15111,0.00000,0.00011
123.10125,0.99750,0.99162,0.00835,0.00000,0.00003
123.20125,0.99751,0.99945,0.00055,0.00000,0.00000
123.30125,0.99751,0.99994,0.00005,0.00001,0.00000
123.40125,0.99750,0.99996,0.00003,0.00001,0.00000
123.50125,0.99750,0.99991,0.00003,0.00001,0.00005
123.60125,0.99750,0.99963,0.00003,0.00000,0.00033
123.70125,0.99751,0.99965,0.00003,0.00000,0.00032
123.80125,0.99751,0.99997,0.00003,0.00000,0.00000
123.90125,0.99750,0.99986,0.00014,0.00000,0.00000
124.00125,0.99750,0.99477,0.00523,0.00000,0.00000
124.10125,0.99750,0.92903,0.07095,0.00001,0.00000
124.20125,0.99751,0.46793,0.53186,0.00019,0.00002
124.30125,0.99751,0.91385,0.08585,0.00026,0.00004
124.40125,0.99750,0.99677,0.00321,0.00002,0.00000
124.50125,0.99750,0.99980,0.00020,0.00000,0.00000
124.60125,0.99750,0.99999,0.00001,0.00000,0.00000
124.70125,0.99751,1.00000,0.00000,0.00000,0.00000
124.80125,0.99751,1.00000,0.00000,0.00000,0.00000
124.90125,0.99750,1.00000,0.00000,0.00000,0.00000
125.00125,0.99750,1.00000,0.00000,0.00000,0.00000
125.10125,0.99750,1.00000,0.00000,0.00000,0.00000
125.20125,0.99751,1.00000,0.00000,0.00000,0.00000
125.30125,0.99751,1.00000,0.00000,0.00000,0.00000
125.40125,0.99750,0.99996,0.00004,0.00000,0.00000
125.50125,0.99750,0.99942,0.00058,0.00000,0.00000
125.60125,0.99750,0.98878,0.01122,0.00000,0.00000
125.70125,0.99751,0.85851,0.14149,0.00000,0.00000
125.80125,0.99751,0.27858,0.72141,0.00000,0.00000
125.90125,0.99750,0.21824,0.78175,0.00001,0.00001
126.00125,0.99750,0.76158,0.23842,0.00000,0.00000
126.10125,0.99750,0.97969,0.02031,0.00000,0.00000
126.20125,0.99751,0.99872,0.00128,0.00000,0.00000
126.30125,0.99751,0.99976,0.00011,0.00013,0.00000
126.40125,0.99750,0.99988,0.00004,0.00007,0.00001
126.50125,0.99750,0.99981,0.00004,0.00011,0.00004
126.60125,0.99750,0.99969,0.00005,0.00014,0.00012
126.70125,0.99751,0.99969,0.00005,0.00003,0.00022
126.80125,0.99751,0.99980,0.00007,0.00000,0.00012
126.90125,0.99750,0.99977,0.00023,0.00000,0.00000
127.00125,0.99750,0.99419,0.00581,0.00000,0.00000
127.10125,0.99751,0.94082,0.05914,0.00003,0.00000
127.20125,0.99750,0.47810,0.52164,0.00025,0.00001
127.30125,0.99751,0.09353,0.90617,0.00028,0.00001
127.40125,0.99749,0.06132,0.93852,0.00014,0.00002
127.50125,0.99750,0.53890,0.46106,0.00004,0.00000
127.60125,0.99751,0.91574,0.08426,0.00000,0.00000
127.70125,0.99750,0.99773,0.00227,0.00000,0.00000
127.80125,0.99751,0.99975,0.00023,0.00002,0.00000
127.90125,0.99749,0.99972,0.00025,0.00003,0.00000
128.00125,0.99750,0.99969,0.00025,0.00005,0.00000
128.10126,0.99750,0.99972,0.00026,0.00002,0.00000
128.20125,0.99750,0.99970,0.00029,0.00000,0.00001
128.30125,0.99750,0.99955,0.00045,0.00000,0.00000
128.40125,0.99750,0.99732,0.00268,0.00000,0.00000
128.50125,0.99750,0.98388,0.01610,0.00001,0.00000
128.60126,0.99750,0.78564,0.21406,0.00029,0.00001
128.70125,0.99750,0.12829,0.87075,0.00095,0.00001
128.80125,0.99750,0.11497,0.88296,0.00204,0.00003
128.90125,0.99750,0.25482,0.74478,0.00039,0.00002
129.00125,0.99750,0.75205,0.24792,0.00002,0.00000
129.10126,0.99750,0.96756,0.03244,0.00000,0.00000
129.20125,0.99750,0.99858,0.00142,0.00000,0.00000
129.30125,0.99750,0.99989,0.00010,0.00000,0.00000
129.40125,0.99750,0.99996,0.00004,0.00000,0.00000
129.50125,0.99750,0.99996,0.00004,0.00000,0.00000
129.60126,0.99750,0.99996,0.00004,0.00000,0.00000
129.70125,0.99750,0.99995,0.00005,0.00000,0.00000
129.80125,0.99750,0.99992,0.00008,0.00000,0.00000
129.90125,0.99750,0.99937,0.00063,0.00000,0.00000
130.00125,0.99750,0.99226,0.00774,0.00000,0.00000
130.10126,0.99750,0.93170,0.06829,0.00000,0.00000
130.20125,0.99750,0.38553,0.61443,0.00002,0.00002
130.30125,0.99750,0.18052,0.81932,0.00001,0.00014
130.40125,0.99750,0.83652,0.16311,0.00000,0.00037
130.50125,0.99750,0.97876,0.02123,0.00000,0.00000
130.60126,0.99750,0.99693,0.00307,0.00000,0.00000
130.70125,0.99750,0.99970,0.00030,0.00000,0.00000
130.80125,0.99750,0.99997,0.00003,0.00000,0.00000
130.90125,0.99750,0.99999,0.00001,0.00000,0.00000
131.00125,0.99750,0.99999,0.00001,0.00000,0.00000
131.10126,0.99750,0.99999,0.00001,0.00000,0.00000
131.20125,0.99750,0.99997,0.00003,0.00000,0.00000
131.30125,0.99750,0.99963,0.00037,0.00000,0.00000
131.40125,0.99750,0.99449,0.00551,0.00000,0.00000
131.50125,0.99750,0.96441,0.03559,0.00000,0.00000
131.60126,0.99750,0.79517,0.20483,0.00000,0.00000
131.70125,0.99750,0.26134,0.73865,0.00000,0.00001
131.80125,0.99750,0.07580,0.92420,0.00000,0.00000
131.90125,0.99750,0.18226,0.81773,0.00000,0.00001
132.00125,0.99750,0.51769,0.48231,0.00000,0.00000
132.10126,0.99750,0.96970,0.03030,0.00000,0.00000
132.20125,0.99750,0.99782,0.00218,0.00000,0.00000
132.30125,0.99750,0.99986,0.00010,0.00004,0.00000
132.40125,0.99750,0.99999,0.00001,0.00001,0.00000
132.50125,0.99750,0.99998,0.00001,0.00001,0.00000
132.60126,0.99750,0.99997,0.00001,0.00001,0.00002
132.70125,0.99750,0.99996,0.00001,0.00000,0.00003
132.80125,0.99750,0.99986,0.00002,0.00000,0.00012
132.90125,0.99750,0.99995,0.00005,0.00000,0.00000
133.00125,0.99750,0.99925,0.00074,0.00000,0.00000
133.10126,0.99750,0.98822,0.01178,0.00000,0.00000
133.20125,0.99750,0.82858,0.17138,0.00004,0.00000
133.30125,0.99750,0.14739,0.85247,0.00014,0.00000
133.40125,0.99750,0.34665,0.65312,0.00022,0.00001
133.50125,0.99750,0.88956,0.11042,0.00002,0.00000
133.60126,0.99750,0.98916,0.01084,0.00000,0.00000
133.70125,0.99750,0.99958,0.00042,0.00000,0.00000
133.80125,0.99750,0.99998,0.00002,0.00000,0.00000
133.90125,0.99750,0.99999,0.00000,0.00000,0.00000
134.00125,0.99750,1.00000,0.00000,0.00000,0.00000
134.10126,0.99750,1.00000,0.00000,0.00000,0.00000
134.20125,0.99750,0.99999,0.00000,0.00000,0.00000
134.30125,0.99750,0.99999,0.00001,0.00000,0.00000
134.40125,0.99750,0.99993,0.00007,0.00000,0.00000
134.50125,0.99750,0.99905,0.00094,0.00000,0.00000
134.60126,0.99750,0.98508,0.01490,0.00001,0.00000
134.70125,0.99750,0.68209,0.31761,0.00028,0.00001
134.80125,0.99750,0.35384,0.64575,0.00040,0.00001
134.90125,0.99750,0.28468,0.71488,0.00041,0.00004
135.00125,0.99750,0.77609,0.22382,0.00008,0.00001
135.10126,0.99750,0.97041,0.02958,0.00001,0.00000
135.20125,0.99750,0.99768,0.00232,0.00001,0.00000
135.30125,0.99750,0.99988,0.00011,0.00000,0.00000
135.40125,0.99750,0.99998,0.00001,0.00000,0.00000
135.50125,0.99750,1.00000,0.00000,0.00000,0.00000
135.60126,0.99750,1.00000,0.00000,0.00000,0.00000
135.70125,0.99750,0.99999,0.00001,0.00000,0.00000
135.80125,0.99750,0.99998,0.00002,0.00000,0.00000
135.90125,0.99750,0.99996,0.00004,0.00000,0.00000
136.00125,0.99750,0.99973,0.00027,0.00000,0.00000
136.10126,0.99750,0.99373,0.00627,0.00000,0.00000
136.20125,0.99750,0.93250,0.06749,0.00001,0.00000
136.30125,0.99750,0.61329,0.38664,0.00006,0.00001
136.40125,0.99750,0.15633,0.84361,0.00005,0.00000
136.50125,0.99750,0.60685,0.39311,0.00003,0.00001
136.60126,0.99750,0.96288,0.03712,0.00000,0.00000
136.70125,0.99750,0.99882,0.00118,0.00000,0.00000
136.80125,0.99750,0.99991,0.00007,0.00002,0.00000
136.90125,0.99750,0.99998,0.00001,0.00001,0.00000
137.00125,0.99750,0.99998,0.00001,0.00001,0.00000
137.10126,0.99750,0.99996,0.00001,0.00001,0.00002
137.20125,0.99750,0.99995,0.00002,0.00000,0.00003
137.30125,0.99750,0.99998,0.00002,0.00000,0.00000
137.40125,0.99750,0.99987,0.00013,0.00000,0.00000
137.50125,0.99750,0.99890,0.00110,0.00000,0.00000
137.60126,0.99750,0.97637,0.02363,0.00000,0.00000
137.70125,0.99750,0.63946,0.36052,0.00001,0.00002
137.80125,0.99750,0.07504,0.92494,0.00001,0.00001
137.90125,0.99750,0.15323,0.84675,0.00001,0.00001
138.00125,0.99750,0.72076,0.27924,0.00000,0.00000
138.10126,0.99750,0.97875,0.02124,0.00000,0.00000
138.20125,0.99750,0.99826,0.00174,0.00000,0.00000
138.30125,0.99750,0.99994,0.00006,0.00000,0.00000
138.40125,0.99750,0.99999,0.00001,0.00000,0.00000
138.50125,0.99750,0.99999,0.00001,0.00000,0.00000
138.60126,0.99750,0.99999,0.00001,0.00000,0.00000
138.70125,0.99750,0.99999,0.00001,0.00000,0.00000
138.80125,0.99750,0.99998,0.00002,0.00000,0.00000
138.90125,0.99750,0.99990,0.00010,0.00000,0.00000
139.00125,0.99750,0.99882,0.00118,0.00000,0.00000
139.10126,0.99750,0.97794,0.02206,0.00000,0.00000
139.20125,0.99750,0.63828,0.36170,0.00001,0.00001
139.30125,0.99750,0.20752,0.79245,0.00001,0.00002
139.40125,0.99750,0.15523,0.84471,0.00001,0.00005
139.50125,0.99750,0.47581,0.52411,0.00000,0.00008
139.60126,0.99750,0.91444,0.08556,0.00000,0.00000
139.70125,0.99750,0.99554,0.00446,0.00000,0.00000
139.80125,0.99750,0.99965,0.00034,0.00001,0.00000
139.90125,0.99750,0.99996,0.00003,0.00000,0.00000
140.00125,0.99750,0.99998,0.00001,0.00000,0.00000
140.10126,0.99750,0.99998,0.00002,0.00000,0.00000
140.20125,0.99750,0.99996,0.00004,0.00000,0.00000
140.30125,0.99750,0.99995,0.00005,0.00000,0.00000
140.40125,0.99750,0.99988,0.00012,0.00000,0.00000
140.50125,0.99750,0.99918,0.00082,0.00000,0.00000
140.60126,0.99750,0.98872,0.01128,0.00000,0.00000
140.70125,0.99750,0.80841,0.19156,0.00002,0.00000
140.80125,0.99750,0.19441,0.80543,0.00014,0.00002
140.90125,0.99750,0.15467,0.84519,0.00012,0.00002
141.00125,0.99750,0.67483,0.32510,0.00004,0.00003
141.10126,0.99750,0.97889,0.02111,0.00000,0.00000
141.20125,0.99750,0.99898,0.00102,0.00000,0.00000
141.30125,0.99750,0.99991,0.00006,0.00003,0.00000
141.40125,0.99750,0.99993,0.00004,0.00003,0.00000
141.50125,0.99750,0.99991,0.00005,0.00005,0.00000
141.60126,0.99750,0.99992,0.00005,0.00002,0.00001
141.70125,0.99750,0.99993,0.00005,0.00000,0.00002
141.80125,0.99750,0.99988,0.00012,0.00000,0.00000
141.90125,0.99750,0.99935,0.00065,0.00000,0.00000
142.00125,0.99750,0.99033,0.00965,0.00001,0.00000
142.10126,0.99750,0.85967,0.14002,0.00031,0.00000
142.20125,0.99750,0.24143,0.75697,0.00160,0.00000
142.30125,0.99750,0.11306,0.88483,0.00209,0.00002
142.40125,0.99750,0.47307,0.52527,0.00154,0.00012
142.50125,0.99750,0.89282,0.10706,0.00010,0.00002
142.60126,0.99750,0.99035,0.00964,0.00001,0.00000
142.70125,0.99750,0.99924,0.00076,0.00000,0.00000
142.80125,0.99750,0.99995,0.00005,0.00000,0.00000
142.90125,0.99750,1.00000,0.00000,0.00000,0.00000
143.00125,0.99750,1.00000,0.00000,0.00000,0.00000
143.10126,0.99750,1.00000,0.00000,0.00000,0.00000
143.20125,0.99750,1.00000,0.00000,0.00000,0.00000
143.30125,0.99750,0.99999,0.00001,0.00000,0.00000
143.40125,0.99750,0.99991,0.00009,0.00000,0.00000
143.50125,0.99750,0.99895,0.00105,0.00000,0.00000
143.60126,0.99750,0.98792,0.01208,0.00000,0.00000
143.70125,0.99750,0.80665,0.19334,0.00001,0.00000
143.80125,0.99750,0.19534,0.80460,0.00005,0.00002
143.90125,0.99750,0.29266,0.70719,0.00005,0.00010
144.00125,0.99750,0.92562,0.07436,0.00001,0.00002
144.10126,0.99750,0.99555,0.00445,0.00000,0.00000
144.20125,0.99750,0.99976,0.00024,0.00000,0.00000
144.30125,0.99750,0.99998,0.00001,0.00000,0.00000
144.40125,0.99750,1.00000,0.00000,0.00000,0.00000
144.50125,0.99750,1.00000,0.00000,0.00000,0.00000
144.60126,0.99750,1.00000,0.00000,0.00000,0.00000
144.70125,0.99750,1.00000,0.00000,0.00000,0.00000
144.80125,0.99750,1.00000,0.00000,0.00000,0.00000
144.90125,0.99750,0.99995,0.00005,0.00000,0.00000
145.00125,0.99750,0.99903,0.00097,0.00000,0.00000
145.10126,0.99750,0.98539,0.01461,0.00000,0.00000
145.20125,0.99750,0.75368,0.24630,0.00002,0.00000
145.30125,0.99750,0.30819,0.69179,0.00002,0.00000
145.40125,0.99750,0.90605,0.09393,0.00001,0.00000
145.50125,0.99750,0.99305,0.00695,0.00000,0.00000
145.60126,0.99750,0.99952,0.00048,0.00000,0.00000
145.70125,0.99750,0.99995,0.00005,0.00000,0.00000
145.80125,0.99750,1.00000,0.00000,0.00000,0.00000
145.90125,0.99750,1.00000,0.00000,0.00000,0.00000
146.00125,0.99750,1.00000,0.00000,0.00000,0.00000
146.10126,0.99750,1.00000,0.00000,0.00000,0.00000
146.20125,0.99750,1.00000,0.00000,0.00000,0.00000
146.30125,0.99750,0.99997,0.00003,0.00000,0.00000
146.40125,0.99750,0.99949,0.00051,0.00000,0.00000
146.50125,0.99750,0.99015,0.00985,0.00000,0.00000
146.60126,0.99750,0.88661,0.11338,0.00001,0.00000
146.70125,0.99750,0.23660,0.76329,0.00011,0.00000
146.80125,0.99750,0.51767,0.48226,0.00006,0.00001
146.90125,0.99750,0.96049,0.03951,0.00000,0.00000
147.00125,0.99750,0.99790,0.00210,0.00000,0.00000
147.10126,0.99750,0.99988,0.00012,0.00000,0.00000
147.20125,0.99750,0.99998,0.00002,0.00000,0.00000
147.30125,0.99750,1.00000,0.00000,0.00000,0.00000
147.40125,0.99750,1.00000,0.00000,0.00000,0.00000
147.50125,0.99750,1.00000,0.00000,0.00000,0.00000
147.60126,0.99750,1.00000,0.00000,0.00000,0.00000
147.70125,0.99750,0.99998,0.00002,0.00000,0.00000
147.80125,0.99750,0.99976,0.00024,0.00000,0.00000
147.90125,0.99750,0.99773,0.00227,0.00000,0.00000
148.00125,0.99750,0.94361,0.05639,0.00000,0.00000
148.10126,0.99750,0.38821,0.61179,0.00000,0.00000
148.20125,0.99750,0.08094,0.91905,0.00000,0.00001
148.30125,0.99750,0.82753,0.17246,0.00000,0.00001
148.40125,0.99750,0.97988,0.02012,0.00000,0.00000
148.50125,0.99750,0.99874,0.00126,0.00000,0.00000
148.60126,0.99750,0.99991,0.00008,0.00001,0.00000
148.70125,0.99750,0.99994,0.00005,0.00001,0.00000
148.80125,0.99750,0.99992,0.00006,0.00002,0.00000
148.90125,0.99750,0.99994,0.00006,0.00000,0.00000
149.00125,0.99750,0.99995,0.00004,0.00000,0.00000
149.10126,0.99750,0.99994,0.00006,0.00000,0.00000
149.20125,0.99750,0.99942,0.00058,0.00000,0.00000
149.30125,0.99750,0.99465,0.00534,0.00000,0.00000
149.40125,0.99750,0.89316,0.10680,0.00003,0.00000
149.50125,0.99750,0.43551,0.56391,0.00055,0.00003
149.60126,0.99750,0.06030,0.93927,0.00039,0.00004
149.70125,0.99750,0.43381,0.56608,0.00010,0.00001
149.80125,0.99750,0.94922,0.05077,0.00001,0.00000
149.90125,0.99750,0.99684,0.00316,0.00000,0.00000
150.00125,0.99750,0.99977,0.00022,0.00001,0.00000
150.10126,0.99750,0.99995,0.00004,0.00001,0.00000
150.20125,0.99750,0.99993,0.00005,0.00002,0.00000
150.30125,0.99750,0.99993,0.00005,0.00001,0.00000
150.40125,0.99750,0.99993,0.00007,0.00000,0.00000
150.50125,0.99750,0.99994,0.00005,0.00000,0.00000
150.60126,0.99750,0.99971,0.00029,0.00000,0.00000
150.70125,0.99750,0.99841,0.00159,0.00000,0.00000
150.80125,0.99750,0.95235,0.04764,0.00001,0.00000
150.90125,0.99750,0.48173,0.51814,0.00012,0.00001
151.00125,0.99750,0.08822,0.91146,0.00030,0.00002
151.10126,0.99750,0.11723,0.88247,0.00026,0.00004
151.20125,0.99750,0.55739,0.44258,0.00003,0.00000
151.30125,0.99750,0.93877,0.06122,0.00000,0.00000
151.40125,0.99750,0.99366,0.00634,0.00000,0.00000
151.50125,0.99750,0.99967,0.00033,0.00001,0.00000
151.60126,0.99750,0.99992,0.00008,0.00000,0.00000
151.70125,0.99750,0.99993,0.00007,0.00000,0.00000
151.80125,0.99750,0.99994,0.00006,0.00000,0.00000
151.90125,0.99750,0.99992,0.00008,0.00000,0.00000
152.00125,0.99750,0.99990,0.00010,0.00000,0.00000
152.10126,0.99750,0.99929,0.00071,0.00000,0.00000
152.20125,0.99750,0.99332,0.00668,0.00000,0.00000
152.30125,0.99750,0.91781,0.08219,0.00000,0.00000
152.40125,0.99750,0.42208,0.57785,0.00006,0.00000
152.50125,0.99750,0.08998,0.90982,0.00017,0.00003
152.60126,0.99750,0.21190,0.78762,0.00026,0.00022
152.70125,0.99750,0.59064,0.40932,0.00002,0.00002
152.80125,0.99750,0.96953,0.03044,0.00001,0.00001
152.90125,0.99750,0.99747,0.00246,0.00007,0.00000
153.00125,0.99750,0.99962,0.00029,0.00009,0.00000
153.10126,0.99750,0.99930,0.00041,0.00021,0.00008
153.20125,0.99750,0.99938,0.00041,0.00008,0.00014
153.30125,0.99750,0.99949,0.00033,0.00000,0.00018
153.40125,0.99750,0.99951,0.00049,0.00000,0.00001
153.50125,0.99750,0.99904,0.00096,0.00000,0.00000
153.60126,0.99750,0.99032,0.00968,0.00000,0.00000
153.70125,0.99750,0.96188,0.03810,0.00000,0.00002
153.80125,0.99750,0.58902,0.41095,0.00002,0.00001
153.90125,0.99750,0.05224,0.94769,0.00003,0.00004
154.00125,0.99750,0.29158,0.70827,0.00002,0.00013
154.10126,0.99750,0.88086,0.11912,0.00000,0.00002
154.20125,0.99750,0.98880,0.01119,0.00000,0.00001
154.30125,0.99750,0.99445,0.00519,0.00036,0.00000
154.40125,0.99750,0.99243,0.00412,0.00337,0.00008
154.50125,0.99750,0.98790,0.00640,0.00215,0.00356
154.60126,0.99750,0.98923,0.00642,0.00035,0.00400
154.70125,0.99750,0.99035,0.00930,0.00001,0.00034
154.80125,0.99750,0.99261,0.00738,0.00000,0.00000
154.90125,0.99750,0.97615,0.02384,0.00001,0.00000
155.00125,0.99750,0.74576,0.25399,0.00020,0.00006
155.10126,0.99750,0.19727,0.80224,0.00034,0.00014
155.20125,0.99750,0.17336,0.82544,0.00108,0.00012
155.30125,0.99750,0.18169,0.81627,0.00143,0.00061
155.40125,0.99750,0.83480,0.16313,0.00085,0.00122
155.50125,0.99750,0.97171,0.02689,0.00080,0.00060
155.60126,0.99750,0.99342,0.00466,0.00186,0.00005
155.70125,0.99750,0.95189,0.00278,0.04486,0.00047
155.80125,0.99750,0.87771,0.00417,0.02627,0.09184
155.90125,0.99750,0.86306,0.00357,0.00014,0.13322
156.00125,0.99750,0.99479,0.00402,0.00001,0.00118
156.10126,0.99750,0.99520,0.00477,0.00002,0.00002
156.20125,0.99750,0.99459,0.00539,0.00002,0.00000
156.30125,0.99750,0.96087,0.03907,0.00006,0.00000
156.40125,0.99750,0.43371,0.56595,0.00030,0.00004
156.50125,0.99750,0.11353,0.88632,0.00015,0.00001
156.60126,0.99750,0.38610,0.61384,0.00006,0.00001
156.70125,0.99750,0.91317,0.08683,0.00000,0.00000
156.80125,0.99750,0.99149,0.00850,0.00000,0.00000
156.90125,0.99750,0.99939,0.00061,0.00000,0.00000
157.00125,0.99750,0.99994,0.00006,0.00000,0.00000
157.10126,0.99750,0.99999,0.00001,0.00000,0.00000
157.20125,0.99750,1.00000,0.00000,0.00000,0.00000
157.30125,0.99750,1.00000,0.00000,0.00000,0.00000
157.40125,0.99750,1.00000,0.00000,0.00000,0.00000
157.50125,0.99750,1.00000,0.00000,0.00000,0.00000
157.60126,0.99750,1.00000,0.00000,0.00000,0.00000
157.70125,0.99750,1.00000,0.00000,0.00000,0.00000
157.80125,0.99750,1.00000,0.00000,0.00000,0.00000
157.90125,0.99750,1.00000,0.00000,0.00000,0.00000
158.00125,0.99750,1.00000,0.00000,0.00000,0.00000
158.10126,0.99750,1.00000,0.00000,0.00000,0.00000
158.20125,0.99750,1.00000,0.00000,0.00000,0.00000
158.30125,0.99750,1.00000,0.00000,0.00000,0.00000
158.40125,0.99750,1.00000,0.00000,0.00000,0.00000
158.50125,0.99750,0.99999,0.00001,0.00000,0.00000
158.60126,0.99750,0.99997,0.00003,0.00000,0.00000
158.70125,0.99750,0.99965,0.00035,0.00000,0.00000
158.80125,0.99750,0.99514,0.00486,0.00000,0.00000
158.90125,0.99750,0.93701,0.06299,0.00000,0.00000
159.00125,0.99750,0.33314,0.66681,0.00005,0.00000
159.10126,0.99750,0.15086,0.84909,0.00004,0.00001
159.20125,0.99750,0.81220,0.18779,0.00000,0.00000
159.30125,0.99750,0.98463,0.01537,0.00000,0.00000
159.40125,0.99750,0.99940,0.00060,0.00000,0.00000
159.50125,0.99750,0.99993,0.00007,0.00000,0.00000
159.60126,0.99750,0.99999,0.00001,0.00000,0.00000
159.70125,0.99750,1.00000,0.00000,0.00000,0.00000
159.80125,0.99750,1.00000,0.00000,0.00000,0.00000
159.90125,0.99750,1.00000,0.00000,0.00000,0.00000
160.00125,0.99750,1.00000,0.00000,0.00000,0.00000
160.10126,0.99750,1.00000,0.00000,0.00000,0.00000
160.20125,0.99750,0.99999,0.00001,0.00000,0.00000
160.30125,0.99750,0.99990,0.00010,0.00000,0.00000
160.40125,0.99750,0.99792,0.00208,0.00000,0.00000
160.50125,0.99750,0.96239,0.03760,0.00000,0.00001
160.60126,0.99750,0.46496,0.53493,0.00001,0.00011
160.70125,0.99750,0.06176,0.93815,0.00001,0.00007
160.80125,0.99750,0.31984,0.68013,0.00000,0.00002
160.90125,0.99750,0.85658,0.14342,0.00000,0.00000
161.00125,0.99750,0.99113,0.00887,0.00000,0.00000
161.10126,0.99750,0.99865,0.00135,0.00001,0.00000
161.20125,0.99750,0.99993,0.00007,0.00000,0.00000
161.30125,0.99750,0.99998,0.00002,0.00000,0.00000
161.40125,0.99750,0.99999,0.00001,0.00000,0.00000
161.50125,0.99750,0.99999,0.00001,0.00000,0.00000
161.60126,0.99750,0.99998,0.00002,0.00000,0.00000
161.70125,0.99750,0.99991,0.00009,0.00000,0.00000
161.80125,0.99750,0.99957,0.00043,0.00000,0.00000
161.90125,0.99750,0.98908,0.01090,0.00000,0.00001
162.00125,0.99750,0.94085,0.05915,0.00000,0.00000
162.10126,0.99750,0.42721,0.57275,0.00002,0.00002
162.20125,0.99750,0.23802,0.76191,0.00006,0.00001
162.30125,0.99750,0.12415,0.87580,0.00003,0.00001
162.40125,0.99750,0.61543,0.38448,0.00003,0.00005
162.50125,0.99750,0.95583,0.04414,0.00001,0.00003
162.60126,0.99750,0.99736,0.00264,0.00000,0.00000
162.70125,0.99750,0.99970,0.00014,0.00016,0.00000
162.80125,0.99750,0.99953,0.00009,0.00024,0.00014
162.90125,0.99750,0.99925,0.00012,0.00048,0.00015
163.00125,0.99750,0.99962,0.00013,0.00005,0.00020
163.10126,0.99750,0.99917,0.00013,0.00000,0.00071
163.20125,0.99750,0.99986,0.00012,0.00000,0.00001
163.30125,0.99750,0.99930,0.00070,0.00000,0.00000
163.40125,0.99750,0.98663,0.01334,0.00001,0.00002
163.50125,0.99750,0.88275,0.11717,0.00005,0.00002
163.60126,0.99750,0.12279,0.87684,0.00010,0.00026
163.70125,0.99750,0.09342,0.90593,0.00006,0.00059
163.80125,0.99750,0.55142,0.44852,0.00001,0.00005
163.90125,0.99750,0.92096,0.07904,0.00000,0.00000
164.00125,0.99750,0.99082,0.00918,0.00000,0.00000
164.10126,0.99750,0.99883,0.00117,0.00000,0.00000
164.20125,0.99750,0.99994,0.00006,0.00000,0.00000
164.30125,0.99750,0.99999,0.00001,0.00000,0.00000
164.40125,0.99750,0.99999,0.00001,0.00000,0.00000
164.50125,0.99750,0.99999,0.00001,0.00000,0.00000
164.60126,0.99750,0.99999,0.00001,0.00000,0.00000
164.70125,0.99750,0.99984,0.00016,0.00000,0.00000
164.80125,0.99750,0.99885,0.00115,0.00000,0.00000
164.90125,0.99750,0.98819,0.01181,0.00000,0.00000
165.00125,0.99750,0.93326,0.06674,0.00000,0.00000
165.10126,0.99750,0.42524,0.57473,0.00002,0.00001
165.20125,0.99750,0.09927,0.90063,0.00007,0.00002
165.30125,0.99750,0.09638,0.90343,0.00014,0.00005
165.40125,0.99750,0.29399,0.70580,0.00005,0.00016
165.50125,0.99750,0.93161,0.06834,0.00002,0.00004
165.60126,0.99750,0.99677,0.00318,0.00004,0.00000
165.70125,0.99750,0.99960,0.00016,0.00025,0.00000
165.80125,0.99750,0.99991,0.00001,0.00004,0.00004
165.90125,0.99750,0.99988,0.00001,0.00003,0.00007
166.00125,0.99750,0.99989,0.00001,0.00002,0.00008
166.10126,0.99750,0.99984,0.00001,0.00001,0.00014
166.20125,0.99750,0.99975,0.00001,0.00000,0.00025
166.30125,0.99750,0.99996,0.00003,0.00000,0.00001
166.40125,0.99750,0.99952,0.00048,0.00000,0.00000
166.50125,0.99750,0.98434,0.01565,0.00001,0.00000
166.60126,0.99750,0.74882,0.25103,0.00014,0.00001
166.70125,0.99750,0.12456,0.87511,0.00032,0.00001
166.80125,0.99750,0.04918,0.95065,0.00016,0.00002
166.90125,0.99750,0.42502,0.57491,0.00007,0.00001
167.00125,0.99750,0.83719,0.16280,0.00001,0.00001
167.10126,0.99750,0.99424,0.00576,0.00000,0.00000
167.20125,0.99750,0.99972,0.00028,0.00000,0.00000
167.30125,0.99750,0.99999,0.00001,0.00000,0.00000
167.40125,0.99750,1.00000,0.00000,0.00000,0.00000
167.50125,0.99750,1.00000,0.00000,0.00000,0.00000
167.60126,0.99750,1.00000,0.00000,0.00000,0.00000
167.70125,0.99750,1.00000,0.00000,0.00000,0.00000
167.80125,0.99750,1.00000,0.00000,0.00000,0.00000
167.90125,0.99750,1.00000,0.00000,0.00000,0.00000
168.00125,0.99750,1.00000,0.00000,0.00000,0.00000
168.10126,0.99750,1.00000,0.00000,0.00000,0.00000
168.20125,0.99750,0.99999,0.00001,0.00000,0.00000
168.30125,0.99750,0.99990,0.00010,0.00000,0.00000
168.40125,0.99750,0.99905,0.00095,0.00000,0.00000
168.50125,0.99750,0.99271,0.00729,0.00000,0.00000
168.60126,0.99750,0.90019,0.09979,0.00001,0.00000
168.70125,0.99750,0.33188,0.66796,0.00015,0.00000
168.80125,0.99750,0.03724,0.96250,0.00025,0.00001
168.90125,0.99750,0.45306,0.54685,0.00009,0.00000
169.00125,0.99750,0.90837,0.09162,0.00001,0.00000
169.10126,0.99750,0.99472,0.00528,0.00000,0.00000
169.20125,0.99750,0.99958,0.00042,0.00000,0.00000
169.30125,0.99750,0.99999,0.00001,0.00000,0.00000
169.40125,0.99750,1.00000,0.00000,0.00000,0.00000
169.50125,0.99750,1.00000,0.00000,0.00000,0.00000
169.60126,0.99750,1.00000,0.00000,0.00000,0.00000
169.70125,0.99750,1.00000,0.00000,0.00000,0.00000
169.80125,0.99750,1.00000,0.00000,0.00000,0.00000
169.90125,0.99750,1.00000,0.00000,0.00000,0.00000
170.00125,0.99750,1.00000,0.00000,0.00000,0.00000
170.10126,0.99750,1.00000,0.00000,0.00000,0.00000
170.20125,0.99750,1.00000,0.00000,0.00000,0.00000
170.30125,0.99750,0.99997,0.00003,0.00000,0.00000
170.40125,0.99750,0.99971,0.00029,0.00000,0.00000
170.50125,0.99750,0.99519,0.00481,0.00000,0.00000
170.60126,0.99750,0.82629,0.17371,0.00000,0.00000
170.70125,0.99750,0.35565,0.64435,0.00000,0.00000
170.80125,0.99750,0.61815,0.38184,0.00000,0.00000
170.90125,0.99750,0.96565,0.03435,0.00000,0.00000
171.00125,0.99750,0.99801,0.00199,0.00000,0.00000
171.10126,0.99750,0.99990,0.00010,0.00000,0.00000
171.20125,0.99750,1.00000,0.00000,0.00000,0.00000
171.30125,0.99750,1.00000,0.00000,0.00000,0.00000
171.40125,0.99750,1.00000,0.00000,0.00000,0.00000
171.50125,0.99750,1.00000,0.00000,0.00000,0.00000
171.60126,0.99750,1.00000,0.00000,0.00000,0.00000
171.70125,0.99750,1.00000,0.00000,0.00000,0.00000
171.80125,0.99750,1.00000,0.00000,0.00000,0.00000
171.90125,0.99750,0.99998,0.00002,0.00000,0.00000
172.00125,0.99750,0.99962,0.00038,0.00000,0.00000
172.10126,0.99750,0.98186,0.01814,0.00000,0.00000
172.20125,0.99750,0.76958,0.23042,0.00000,0.00000
172.30125,0.99750,0.13598,0.86400,0.00001,0.00001
172.40125,0.99750,0.12408,0.87582,0.00001,0.00009
172.50125,0.99750,0.59652,0.40348,0.00000,0.00001
172.60126,0.99750,0.95624,0.04376,0.00000,0.00000
172.70125,0.99750,0.99801,0.00199,0.00000,0.00000
172.80125,0.99750,0.99976,0.00024,0.00000,0.00000
172.90125,0.99750,0.99998,0.00002,0.00000,0.00000
173.00125,0.99750,0.99999,0.00001,0.00000,0.00000
173.10126,0.99750,0.99999,0.00001,0.00000,0.00000
173.20125,0.99750,0.99999,0.00001,0.00000,0.00000
173.30125,0.99750,0.99998,0.00002,0.00000,0.00000
173.40125,0.99750,0.99981,0.00019,0.00000,0.00000
173.50125,0.99750,0.99776,0.00224,0.00000,0.00000
173.60126,0.99750,0.97765,0.02235,0.00000,0.00000
173.70125,0.99750,0.70714,0.29286,0.00000,0.00000
173.80125,0.99750,0.10337,0.89662,0.00001,0.00000
173.90125,0.99750,0.07778,0.92217,0.00003,0.00001
174.00125,0.99750,0.11680,0.88313,0.00006,0.00001
174.10126,0.99750,0.13865,0.86134,0.00001,0.00001
174.20125,0.99750,0.63431,0.36569,0.00000,0.00000
174.30125,0.99750,0.95503,0.04497,0.00000,0.00000
174.40125,0.99750,0.99732,0.00265,0.00003,0.00000
174.50125,0.99750,0.99987,0.00013,0.00000,0.00000
174.60126,0.99750,0.99999,0.00001,0.00000,0.00000
174.70125,0.99750,1.00000,0.00000,0.00000,0.00000
174.80125,0.99750,1.00000,0.00000,0.00000,0.00000
174.90125,0.99750,0.99999,0.00001,0.00000,0.00000
175.00125,0.99750,0.99999,0.00001,0.00000,0.00000
175.10126,0.99750,0.99990,0.00010,0.00000,0.00000
175.20125,0.99750,0.99956,0.00044,0.00000,0.00000
175.30125,0.99750,0.99005,0.00995,0.00000,0.00000
175.40125,0.99750,0.84797,0.15200,0.00002,0.00001
175.50125,0.99750,0.19376,0.80609,0.00010,0.00005
175.60126,0.99750,0.18622,0.81346,0.00026,0.00006
175.70125,0.99750,0.15251,0.84719,0.00014,0.00016
175.80125,0.99750,0.40061,0.59895,0.00003,0.00041
175.90125,0.99750,0.89041,0.10951,0.00000,0.00007
176.00125,0.99750,0.99164,0.00833,0.00001,0.00001
176.10126,0.99750,0.99957,0.00034,0.00007,0.00002
176.20125,0.99750,0.99958,0.00007,0.00003,0.00031
176.30125,0.99750,0.99795,0.00007,0.00003,0.00195
176.40125,0.99750,0.99797,0.00008,0.00002,0.00193
176.50125,0.99750,0.99621,0.00018,0.00001,0.00360
176.60126,0.99750,0.99877,0.00017,0.00000,0.00106
176.70125,0.99750,0.99948,0.00050,0.00000,0.00002
176.80125,0.99750,0.99714,0.00284,0.00001,0.00002
176.90125,0.99750,0.97775,0.02221,0.00003,0.00000
177.00125,0.99750,0.41793,0.58173,0.00034,0.00000
177.10126,0.99750,0.25707,0.74243,0.00046,0.00004
177.20125,0.99750,0.87986,0.12001,0.00011,0.00001
177.30125,0.99750,0.99146,0.00854,0.00000,0.00000
177.40125,0.99750,0.99964,0.00036,0.00000,0.00000
177.50125,0.99750,0.99998,0.00002,0.00000,0.00000
177.60126,0.99750,1.00000,0.00000,0.00000,0.00000
177.70125,0.99750,1.00000,0.00000,0.00000,0.00000
177.80125,0.99750,1.00000,0.00000,0.00000,0.00000
177.90125,0.99750,1.00000,0.00000,0.00000,0.00000
178.00125,0.99750,1.00000,0.00000,0.00000,0.00000
178.10126,0.99750,0.99999,0.00001,0.00000,0.00000
178.20125,0.99750,0.99994,0.00005,0.00000,0.00000
178.30125,0.99750,0.99923,0.00077,0.00000,0.00000
178.40125,0.99750,0.97141,0.02859,0.00000,0.00000
178.50125,0.99750,0.66523,0.33477,0.00000,0.00000
178.60126,0.99750,0.27699,0.72300,0.00000,0.00000
178.70125,0.99750,0.11411,0.88588,0.00000,0.00001
178.80125,0.99750,0.72881,0.27117,0.00000,0.00002
178.90125,0.99750,0.98654,0.01344,0.00000,0.00002
179.00125,0.99750,0.99937,0.00063,0.00000,0.00000
179.10126,0.99750,0.99990,0.00006,0.00004,0.00000
179.20125,0.99750,0.99995,0.00001,0.00002,0.00001
179.30125,0.99750,0.99995,0.00001,0.00003,0.00002
179.40125,0.99750,0.99983,0.00001,0.00002,0.00014
179.50125,0.99750,0.99946,0.00001,0.00000,0.00053
179.60126,0.99750,0.99996,0.00001,0.00000,0.00003
179.70125,0.99750,0.99992,0.00008,0.00000,0.00000
179.80125,0.99750,0.99880,0.00120,0.00000,0.00000
179.90125,0.99750,0.97913,0.02087,0.00000,0.00000
180.00125,0.99750,0.65353,0.34646,0.00001,0.00000
180.10126,0.99750,0.64945,0.35055,0.00000,0.00000
180.20125,0.99750,0.93907,0.06093,0.00000,0.00000
180.30125,0.99750,0.99702,0.00298,0.00000,0.00000
180.40125,0.99750,0.99973,0.00027,0.00000,0.00000
180.50125,0.99750,0.99998,0.00002,0.00000,0.00000
180.60126,0.99750,1.00000,0.00000,0.00000,0.00000
180.70125,0.99750,1.00000,0.00000,0.00000,0.00000
180.80125,0.99750,1.00000,0.00000,0.00000,0.00000
180.90125,0.99750,1.00000,0.00000,0.00000,0.00000
181.00125,0.99750,1.00000,0.00000,0.00000,0.00000
181.10126,0.99750,1.00000,0.00000,0.00000,0.00000
