Time(Seconds),Length(Seconds),Label(string),Confidence(double),Comment(string)
4.8474384,0.8343558,Jab_R,1,
6.2704507,0.8343558,Jab_R,1,
7.3133955,0.8282208,Jab_R,1,
8.3808801,0.7300613,Jab_R,1,
9.5309982,0.6871165,Jab_R,1,
10.6230227,0.785276,Jab_R,1,
11.7344245,0.8404907,Jab_R,1,
12.9613801,0.8036809,Jab_R,1,
14.0043248,0.9325153,Jab_R,1,
15.2926684,0.7488625,Jab_R,1,
16.4896975,0.9202453,Jab_R,1,
17.6660763,0.8404907,Jab_R,1,
18.8255855,0.8404907,Jab_R,1,
19.8746653,0.9754601,Jab_R,1,
21.0314045,0.797546,Jab_R,1,
22.0314045,0.8711656,Jab_R,1,
23.1970487,0.785276,Jab_R,1,
24.2215886,0.7607361,Jab_R,1,
25.1599382,0.785276,Jab_R,1,
26.1108585,0.8957055,Jab_R,1,
27.247248,0.7607361,Jab_R,1,
28.2227082,0.8098159,Jab_R,1,
29.1920333,0.7055214,Jab_R,1,
30.2304873,0.7361963,Jab_R,1,
31.3470517,0.9202453,Jab_R,1,
32.5433707,0.8098159,Jab_R,1,
33.5617756,0.8711656,Jab_R,1,
34.6834259,0.7668711,Jab_R,1,
35.7141007,0.9386503,Jab_R,1,
36.8279334,0.785276,Jab_R,1,
37.9883894,0.7076916,Jab_R,1,
38.9053117,0.8799991,Jab_R,1,
40.0589286,0.8307682999999999,Jab_R,1,
41.0804661,0.6953838,Jab_R,1,
42.1536272,0.6953839,Jab_R,1,
43.1690109,0.6215377,Jab_R,1,
44.0797792,0.806153,Jab_R,1,
45.1320858,0.7753839,Jab_R,1,
46.1627073,0.7199992,Jab_R,1,
47.122706300000004,0.7938453999999999,Jab_R,1,
48.3071739,0.7015377,Jab_R,1,
49.3348652,0.6215377,Jab_R,1,
50.4733256,0.7938453,Jab_R,1,
51.6016026,0.7076915,Jab_R,1,
52.5923709,0.7507684,Jab_R,1,
53.5769852,0.7753838,Jab_R,1,
54.549292,0.886153,Jab_R,1,
55.554411,0.8854283000000001,Jab_R,1,
56.6805637,0.8430759999999999,Jab_R,1,
57.7382996,0.8307684,Jab_R,1,
58.6798371,0.8307684,Jab_R,1,
59.682913,0.7630762,Jab_R,1,
