Time(Seconds),Length(Seconds),Label(string),Confidence(double),Comment(string)
4.5119948,0.8969956999999997,Jab_R,1,
5.9713676,1.1042944,Jab_R,1,
7.5059918,0.98773,Jab_R,1,
8.9477096,1.0736196,Jab_R,1,
10.881797,1.0368098,Jab_R,1,
12.2989749,1.0920245,Jab_R,1,
13.6916129,1.1104294,Jab_R,1,
15.0682935,1.0061349,Jab_R,1,
16.3873119,1.0490797,Jab_R,1,
17.7760771,1.0981595,Jab_R,1,
19.3036845,1.1288343,Jab_R,1,
20.762005,1.0613496,Jab_R,1,
22.2589375,0.9079754,Jab_R,1,
23.6978178,0.9447852,Jab_R,1,
25.1272657,1.0245398,Jab_R,1,
26.8302948,1.0490797,Jab_R,1,
28.2781475,1.0245398,Jab_R,1,
29.6195586,0.9141104,Jab_R,1,
31.1226261,1.0061349,Jab_R,1,
32.4547962,0.981595,Jab_R,1,
33.8228943,0.9509202,Jab_R,1,
35.1235078,1.0122699,Jab_R,1,
36.4410692,1.0552147,Jab_R,1,
37.876652,1.0797546,Jab_R,1,
39.1884236,1.0245398,Jab_R,1,
40.5565217,0.9325153,Jab_R,1,
42.1944052,1.1288343,Jab_R,1,
43.636123,0.9202453,Jab_R,1,
44.9870432,0.98773,Jab_R,1,
46.4164911,0.9509202,Jab_R,1,
47.7907242,0.9141104,Jab_R,1,
49.0329404,1.0245398,Jab_R,1,
50.4623882,1.1104294,Jab_R,1,
51.8106245,1.0674846,Jab_R,1,
53.0498883,1.0674846,Jab_R,1,
54.3725493,0.9263803,Jab_R,1,
55.7406474,1.1042944,Jab_R,1,
57.0384235,1.0184049,Jab_R,1,
58.3022271,0.9751015,Jab_R,1,
59.4838605,1.0306748,Jab_R,1,
60.6320583,1.0797546,Jab_R,1,
61.895862,1.0981595,Jab_R,1,
63.1326334,0.9386503,Jab_R,1,
64.3412224,1.0736196,Jab_R,1,
65.572549,1.2331288,Jab_R,1,
66.9099723,1.1042944,Jab_R,1,
68.2596655,0.9693251,Jab_R,1,
69.698891,0.9754601,Jab_R,1,
71.0669891,0.9754601,Jab_R,1,
72.4373495,0.9754601,Jab_R,1,
74.0999262,1.1472392,Jab_R,1,
75.5272268,1,Jab_R,1,
76.9321348,0.993865,Jab_R,1,
78.2026868,0.8773006,Jab_R,1,
79.4653785,1.0368098,Jab_R,1,
80.8396117,1.0429447,Jab_R,1,
82.455716,0.993865,Jab_R,1,
84.0201332,1.0184049,Jab_R,1,
85.1305627,0.8895705,Jab_R,1,
86.3687145,0.993865,Jab_R,1,
