Time (seconds), Duration (seconds),pred_(unlabeled),pred_Jab_R,pred_Sidehook_R,pred_Uppercut_R
0.00125,0.99750,1.00000,0.00000,0.00000,0.00000
0.10125,0.99750,1.00000,0.00000,0.00000,0.00000
0.20125,0.99750,1.00000,0.00000,0.00000,0.00000
0.30125,0.99750,1.00000,0.00000,0.00000,0.00000
0.40125,0.99750,1.00000,0.00000,0.00000,0.00000
0.50125,0.99750,1.00000,0.00000,0.00000,0.00000
0.60125,0.99750,1.00000,0.00000,0.00000,0.00000
0.70125,0.99750,1.00000,0.00000,0.00000,0.00000
0.80125,0.99750,1.00000,0.00000,0.00000,0.00000
0.90125,0.99750,1.00000,0.00000,0.00000,0.00000
1.00125,0.99750,1.00000,0.00000,0.00000,0.00000
1.10125,0.99750,1.00000,0.00000,0.00000,0.00000
1.20125,0.99750,1.00000,0.00000,0.00000,0.00000
1.30125,0.99750,1.00000,0.00000,0.00000,0.00000
1.40125,0.99750,1.00000,0.00000,0.00000,0.00000
1.50125,0.99750,1.00000,0.00000,0.00000,0.00000
1.60125,0.99750,1.00000,0.00000,0.00000,0.00000
1.70125,0.99750,1.00000,0.00000,0.00000,0.00000
1.80125,0.99750,1.00000,0.00000,0.00000,0.00000
1.90125,0.99750,1.00000,0.00000,0.00000,0.00000
2.00125,0.99750,1.00000,0.00000,0.00000,0.00000
2.10125,0.99750,1.00000,0.00000,0.00000,0.00000
2.20125,0.99750,1.00000,0.00000,0.00000,0.00000
2.30125,0.99750,1.00000,0.00000,0.00000,0.00000
2.40125,0.99750,1.00000,0.00000,0.00000,0.00000
2.50125,0.99750,0.99999,0.00000,0.00000,0.00001
2.60125,0.99750,0.99764,0.00000,0.00002,0.00233
2.70125,0.99750,0.91780,0.00000,0.00004,0.08217
2.80125,0.99750,0.38728,0.00000,0.00002,0.61270
2.90125,0.99750,0.96640,0.00000,0.00001,0.03359
3.00125,0.99750,0.99882,0.00000,0.00000,0.00118
3.10125,0.99750,0.99999,0.00000,0.00000,0.00001
3.20125,0.99750,1.00000,0.00000,0.00000,0.00000
3.30125,0.99750,1.00000,0.00000,0.00000,0.00000
3.40125,0.99750,1.00000,0.00000,0.00000,0.00000
3.50125,0.99750,1.00000,0.00000,0.00000,0.00000
3.60125,0.99750,1.00000,0.00000,0.00000,0.00000
3.70125,0.99750,1.00000,0.00000,0.00000,0.00000
3.80125,0.99750,1.00000,0.00000,0.00000,0.00000
3.90125,0.99750,1.00000,0.00000,0.00000,0.00000
4.00125,0.99750,1.00000,0.00000,0.00000,0.00000
4.10125,0.99750,1.00000,0.00000,0.00000,0.00000
4.20125,0.99750,1.00000,0.00000,0.00000,0.00000
4.30125,0.99750,1.00000,0.00000,0.00000,0.00000
4.40125,0.99750,0.99999,0.00000,0.00001,0.00001
4.50125,0.99750,0.99908,0.00000,0.00010,0.00082
4.60125,0.99750,0.81191,0.00000,0.00129,0.18681
4.70125,0.99750,0.18472,0.00000,0.00076,0.81452
4.80125,0.99750,0.08471,0.00000,0.00027,0.91502
4.90125,0.99750,0.78124,0.00000,0.00026,0.21850
5.00125,0.99750,0.99703,0.00000,0.00001,0.00296
5.10125,0.99750,0.99997,0.00000,0.00000,0.00003
5.20125,0.99750,1.00000,0.00000,0.00000,0.00000
5.30125,0.99750,1.00000,0.00000,0.00000,0.00000
5.40125,0.99750,1.00000,0.00000,0.00000,0.00000
5.50125,0.99750,1.00000,0.00000,0.00000,0.00000
5.60125,0.99750,1.00000,0.00000,0.00000,0.00000
5.70125,0.99750,1.00000,0.00000,0.00000,0.00000
5.80125,0.99750,1.00000,0.00000,0.00000,0.00000
5.90125,0.99750,1.00000,0.00000,0.00000,0.00000
6.00125,0.99750,1.00000,0.00000,0.00000,0.00000
6.10125,0.99750,1.00000,0.00000,0.00000,0.00000
6.20125,0.99750,1.00000,0.00000,0.00000,0.00000
6.30125,0.99750,0.99997,0.00000,0.00001,0.00002
6.40125,0.99750,0.99786,0.00000,0.00015,0.00199
6.50125,0.99750,0.90407,0.00000,0.00182,0.09412
6.60125,0.99750,0.21493,0.00000,0.00251,0.78256
6.70125,0.99750,0.03122,0.00000,0.00035,0.96843
6.80125,0.99750,0.23742,0.00000,0.00038,0.76220
6.90125,0.99750,0.90260,0.00000,0.00005,0.09735
7.00125,0.99750,0.99947,0.00000,0.00000,0.00053
7.10125,0.99750,1.00000,0.00000,0.00000,0.00000
7.20125,0.99750,1.00000,0.00000,0.00000,0.00000
7.30125,0.99750,1.00000,0.00000,0.00000,0.00000
7.40125,0.99750,1.00000,0.00000,0.00000,0.00000
7.50125,0.99750,1.00000,0.00000,0.00000,0.00000
7.60125,0.99750,1.00000,0.00000,0.00000,0.00000
7.70125,0.99750,1.00000,0.00000,0.00000,0.00000
7.80125,0.99750,1.00000,0.00000,0.00000,0.00000
7.90125,0.99750,1.00000,0.00000,0.00000,0.00000
8.00125,0.99750,1.00000,0.00000,0.00000,0.00000
8.10125,0.99750,0.99999,0.00001,0.00000,0.00000
8.20125,0.99750,0.99991,0.00000,0.00007,0.00002
8.30125,0.99750,0.99318,0.00000,0.00082,0.00599
8.40125,0.99750,0.46339,0.00000,0.00995,0.52665
8.50125,0.99750,0.01942,0.00000,0.00113,0.97945
8.60125,0.99750,0.17416,0.00000,0.00173,0.82411
8.70125,0.99750,0.61585,0.00000,0.00044,0.38371
8.80125,0.99750,0.90619,0.00000,0.00003,0.09378
8.90125,0.99750,0.99851,0.00000,0.00000,0.00149
9.00125,0.99750,0.99999,0.00000,0.00000,0.00001
9.10125,0.99750,1.00000,0.00000,0.00000,0.00000
9.20125,0.99750,1.00000,0.00000,0.00000,0.00000
9.30125,0.99750,1.00000,0.00000,0.00000,0.00000
9.40125,0.99750,1.00000,0.00000,0.00000,0.00000
9.50125,0.99750,1.00000,0.00000,0.00000,0.00000
9.60125,0.99750,1.00000,0.00000,0.00000,0.00000
9.70125,0.99750,1.00000,0.00000,0.00000,0.00000
9.80125,0.99750,0.99999,0.00001,0.00000,0.00001
9.90125,0.99750,0.99985,0.00000,0.00004,0.00011
10.00125,0.99750,0.99648,0.00000,0.00039,0.00313
10.10125,0.99750,0.50149,0.00000,0.00437,0.49413
10.20125,0.99750,0.04165,0.00000,0.00069,0.95766
10.30125,0.99750,0.15532,0.00000,0.00045,0.84423
10.40125,0.99750,0.49762,0.00000,0.00009,0.50229
10.50125,0.99750,0.94276,0.00000,0.00001,0.05724
10.60125,0.99750,0.99953,0.00000,0.00000,0.00047
10.70125,0.99750,0.99999,0.00000,0.00000,0.00001
10.80125,0.99750,1.00000,0.00000,0.00000,0.00000
10.90125,0.99750,1.00000,0.00000,0.00000,0.00000
11.00125,0.99750,1.00000,0.00000,0.00000,0.00000
11.10125,0.99750,1.00000,0.00000,0.00000,0.00000
11.20125,0.99750,1.00000,0.00000,0.00000,0.00000
11.30125,0.99750,1.00000,0.00000,0.00000,0.00000
11.40125,0.99750,1.00000,0.00000,0.00000,0.00000
11.50125,0.99750,1.00000,0.00000,0.00000,0.00000
11.60125,0.99750,1.00000,0.00000,0.00000,0.00000
11.70125,0.99750,1.00000,0.00000,0.00000,0.00000
11.80125,0.99750,0.99984,0.00000,0.00007,0.00009
11.90125,0.99750,0.98044,0.00000,0.00156,0.01799
12.00125,0.99750,0.32655,0.00000,0.00410,0.66935
12.10125,0.99750,0.06497,0.00000,0.00108,0.93395
12.20125,0.99750,0.24024,0.00000,0.00081,0.75895
12.30125,0.99750,0.43955,0.00000,0.00009,0.56035
12.40125,0.99750,0.81389,0.00000,0.00001,0.18610
12.50125,0.99750,0.99566,0.00000,0.00000,0.00434
12.60125,0.99750,0.99991,0.00000,0.00000,0.00009
12.70125,0.99750,0.99995,0.00000,0.00000,0.00005
12.80125,0.99750,0.99999,0.00000,0.00000,0.00001
12.90125,0.99750,1.00000,0.00000,0.00000,0.00000
13.00125,0.99750,1.00000,0.00000,0.00000,0.00000
13.10125,0.99750,0.99999,0.00000,0.00000,0.00001
13.20125,0.99750,0.99989,0.00000,0.00000,0.00011
13.30125,0.99750,0.99917,0.00000,0.00001,0.00082
13.40125,0.99750,0.99704,0.00000,0.00009,0.00288
13.50125,0.99750,0.94197,0.00000,0.00082,0.05721
13.60125,0.99750,0.13640,0.00000,0.00053,0.86306
13.70125,0.99750,0.12752,0.00000,0.00027,0.87221
13.80125,0.99750,0.48557,0.00000,0.00009,0.51434
13.90125,0.99750,0.84861,0.00000,0.00001,0.15138
14.00125,0.99750,0.99724,0.00000,0.00000,0.00276
14.10125,0.99750,0.99999,0.00000,0.00000,0.00001
14.20125,0.99750,1.00000,0.00000,0.00000,0.00000
14.30125,0.99750,1.00000,0.00000,0.00000,0.00000
14.40125,0.99750,1.00000,0.00000,0.00000,0.00000
14.50125,0.99750,1.00000,0.00000,0.00000,0.00000
14.60125,0.99750,1.00000,0.00000,0.00000,0.00000
14.70125,0.99750,1.00000,0.00000,0.00000,0.00000
14.80125,0.99750,1.00000,0.00000,0.00000,0.00000
14.90125,0.99750,1.00000,0.00000,0.00000,0.00000
15.00125,0.99750,0.99999,0.00000,0.00000,0.00000
15.10125,0.99750,0.99972,0.00000,0.00014,0.00014
15.20125,0.99750,0.92539,0.00000,0.00239,0.07221
15.30125,0.99750,0.10418,0.00000,0.00197,0.89385
15.40125,0.99750,0.03823,0.00000,0.00046,0.96131
15.50125,0.99750,0.32889,0.00000,0.00024,0.67087
15.60125,0.99750,0.96577,0.00000,0.00002,0.03421
15.70125,0.99750,0.99984,0.00000,0.00000,0.00016
15.80125,0.99750,1.00000,0.00000,0.00000,0.00000
15.90125,0.99750,1.00000,0.00000,0.00000,0.00000
16.00125,0.99750,1.00000,0.00000,0.00000,0.00000
16.10125,0.99750,1.00000,0.00000,0.00000,0.00000
16.20125,0.99750,1.00000,0.00000,0.00000,0.00000
16.30125,0.99750,1.00000,0.00000,0.00000,0.00000
16.40125,0.99750,1.00000,0.00000,0.00000,0.00000
16.50125,0.99750,1.00000,0.00000,0.00000,0.00000
16.60125,0.99750,1.00000,0.00000,0.00000,0.00000
16.70125,0.99750,1.00000,0.00000,0.00000,0.00000
16.80125,0.99750,0.99999,0.00000,0.00000,0.00001
16.90125,0.99750,0.99911,0.00000,0.00011,0.00078
17.00125,0.99750,0.85011,0.00000,0.00137,0.14851
17.10125,0.99750,0.20303,0.00000,0.00281,0.79416
17.20125,0.99750,0.09775,0.00000,0.00094,0.90131
17.30125,0.99750,0.37645,0.00000,0.00038,0.62317
17.40125,0.99750,0.78603,0.00000,0.00003,0.21394
17.50125,0.99750,0.98982,0.00000,0.00000,0.01018
17.60125,0.99750,0.99963,0.00000,0.00000,0.00037
17.70125,0.99750,0.99996,0.00000,0.00000,0.00004
17.80125,0.99750,0.99999,0.00000,0.00000,0.00001
17.90125,0.99750,1.00000,0.00000,0.00000,0.00000
18.00125,0.99750,1.00000,0.00000,0.00000,0.00000
18.10125,0.99750,1.00000,0.00000,0.00000,0.00000
18.20125,0.99750,1.00000,0.00000,0.00000,0.00000
18.30125,0.99750,0.99997,0.00000,0.00000,0.00003
18.40125,0.99750,0.99972,0.00000,0.00000,0.00028
18.50125,0.99750,0.99577,0.00000,0.00001,0.00422
18.60125,0.99750,0.69850,0.00000,0.00008,0.30141
18.70125,0.99750,0.37968,0.00000,0.00016,0.62016
18.80125,0.99750,0.06787,0.00000,0.00005,0.93208
18.90125,0.99750,0.15266,0.00000,0.00003,0.84732
19.00125,0.99750,0.43919,0.00000,0.00000,0.56081
19.10125,0.99750,0.87083,0.00000,0.00000,0.12917
19.20125,0.99750,0.99857,0.00000,0.00000,0.00143
19.30125,0.99750,1.00000,0.00000,0.00000,0.00000
19.40125,0.99750,1.00000,0.00000,0.00000,0.00000
19.50125,0.99750,1.00000,0.00000,0.00000,0.00000
19.60125,0.99750,1.00000,0.00000,0.00000,0.00000
19.70125,0.99750,1.00000,0.00000,0.00000,0.00000
19.80125,0.99750,1.00000,0.00000,0.00000,0.00000
19.90125,0.99750,1.00000,0.00000,0.00000,0.00000
20.00125,0.99750,1.00000,0.00000,0.00000,0.00000
20.10125,0.99750,0.99998,0.00002,0.00000,0.00000
20.20125,0.99750,0.99976,0.00000,0.00000,0.00023
20.30125,0.99750,0.97206,0.00001,0.00004,0.02789
20.40125,0.99750,0.07613,0.00000,0.00006,0.92381
20.50125,0.99750,0.02699,0.00000,0.00003,0.97298
20.60125,0.99750,0.10558,0.00000,0.00001,0.89440
20.70125,0.99750,0.37777,0.00000,0.00000,0.62223
20.80125,0.99750,0.62507,0.00000,0.00000,0.37493
20.90125,0.99750,0.99460,0.00000,0.00000,0.00540
21.00125,0.99750,0.99998,0.00000,0.00000,0.00002
21.10125,0.99750,1.00000,0.00000,0.00000,0.00000
21.20125,0.99750,1.00000,0.00000,0.00000,0.00000
21.30125,0.99750,1.00000,0.00000,0.00000,0.00000
21.40125,0.99750,1.00000,0.00000,0.00000,0.00000
21.50125,0.99750,1.00000,0.00000,0.00000,0.00000
21.60125,0.99750,1.00000,0.00000,0.00000,0.00000
21.70125,0.99750,0.99999,0.00000,0.00000,0.00001
21.80125,0.99750,0.99992,0.00000,0.00000,0.00008
21.90125,0.99750,0.98669,0.00000,0.00003,0.01328
22.00125,0.99750,0.47304,0.00000,0.00011,0.52685
22.10125,0.99750,0.03759,0.00000,0.00002,0.96238
22.20125,0.99750,0.06959,0.00000,0.00001,0.93040
22.30125,0.99750,0.32900,0.00000,0.00001,0.67100
22.40125,0.99750,0.53777,0.00000,0.00000,0.46223
22.50125,0.99750,0.94388,0.00000,0.00000,0.05612
22.60125,0.99750,0.98336,0.00000,0.00000,0.01664
22.70125,0.99750,0.99951,0.00000,0.00000,0.00049
22.80125,0.99750,0.99998,0.00000,0.00000,0.00002
22.90125,0.99750,1.00000,0.00000,0.00000,0.00000
23.00125,0.99750,1.00000,0.00000,0.00000,0.00000
23.10125,0.99750,1.00000,0.00000,0.00000,0.00000
23.20125,0.99750,1.00000,0.00000,0.00000,0.00000
23.30125,0.99750,1.00000,0.00000,0.00000,0.00000
23.40125,0.99750,1.00000,0.00000,0.00000,0.00000
23.50125,0.99750,1.00000,0.00000,0.00000,0.00000
23.60125,0.99750,1.00000,0.00000,0.00000,0.00000
23.70125,0.99750,0.99999,0.00000,0.00000,0.00001
23.80125,0.99750,0.99889,0.00000,0.00007,0.00104
23.90125,0.99750,0.77441,0.00000,0.00065,0.22494
24.00125,0.99750,0.17213,0.00000,0.00029,0.82759
24.10125,0.99750,0.22610,0.00000,0.00018,0.77372
24.20125,0.99750,0.69664,0.00000,0.00005,0.30331
24.30125,0.99750,0.89453,0.00000,0.00000,0.10547
24.40125,0.99750,0.99867,0.00000,0.00000,0.00133
24.50125,0.99750,0.99968,0.00000,0.00000,0.00032
24.60125,0.99750,0.99998,0.00000,0.00000,0.00002
24.70125,0.99750,1.00000,0.00000,0.00000,0.00000
24.80125,0.99750,1.00000,0.00000,0.00000,0.00000
24.90125,0.99750,1.00000,0.00000,0.00000,0.00000
25.00125,0.99750,1.00000,0.00000,0.00000,0.00000
25.10125,0.99750,1.00000,0.00000,0.00000,0.00000
25.20125,0.99750,0.99987,0.00000,0.00000,0.00013
25.30125,0.99750,0.99880,0.00000,0.00000,0.00120
25.40125,0.99750,0.95192,0.00000,0.00001,0.04807
25.50125,0.99750,0.41826,0.00000,0.00006,0.58168
25.60125,0.99750,0.10949,0.00000,0.00006,0.89046
25.70125,0.99750,0.00680,0.00000,0.00001,0.99319
25.80125,0.99750,0.02603,0.00000,0.00001,0.97396
25.90125,0.99750,0.19583,0.00000,0.00001,0.80416
26.00125,0.99750,0.50309,0.00000,0.00000,0.49691
26.10125,0.99750,0.87946,0.00000,0.00000,0.12054
26.20125,0.99750,0.99706,0.00000,0.00000,0.00294
26.30125,0.99750,0.99991,0.00000,0.00000,0.00009
26.40125,0.99750,0.99999,0.00000,0.00000,0.00001
26.50125,0.99750,0.99998,0.00000,0.00000,0.00002
26.60125,0.99750,1.00000,0.00000,0.00000,0.00000
26.70125,0.99750,1.00000,0.00000,0.00000,0.00000
26.80125,0.99750,1.00000,0.00000,0.00000,0.00000
26.90125,0.99750,0.99997,0.00000,0.00000,0.00003
27.00125,0.99750,0.99949,0.00000,0.00001,0.00051
27.10125,0.99750,0.99229,0.00001,0.00022,0.00749
27.20125,0.99750,0.74250,0.00000,0.00295,0.25455
27.30125,0.99750,0.04228,0.00000,0.00365,0.95407
27.40125,0.99750,0.01037,0.00000,0.00087,0.98876
27.50125,0.99750,0.04543,0.00000,0.00059,0.95399
27.60125,0.99750,0.23157,0.00000,0.00014,0.76828
27.70125,0.99750,0.60151,0.00000,0.00002,0.39847
27.80125,0.99750,0.88742,0.00000,0.00000,0.11258
27.90125,0.99750,0.99908,0.00000,0.00000,0.00092
28.00125,0.99750,0.99999,0.00000,0.00000,0.00001
28.10125,0.99750,1.00000,0.00000,0.00000,0.00000
28.20125,0.99750,1.00000,0.00000,0.00000,0.00000
28.30125,0.99750,1.00000,0.00000,0.00000,0.00000
28.40125,0.99750,1.00000,0.00000,0.00000,0.00000
28.50125,0.99750,1.00000,0.00000,0.00000,0.00000
28.60125,0.99750,1.00000,0.00000,0.00000,0.00000
28.70125,0.99750,1.00000,0.00000,0.00000,0.00000
28.80125,0.99750,1.00000,0.00000,0.00000,0.00000
28.90125,0.99750,1.00000,0.00000,0.00000,0.00000
29.00125,0.99750,0.99999,0.00000,0.00000,0.00001
29.10125,0.99750,0.99714,0.00000,0.00014,0.00272
29.20125,0.99750,0.32715,0.00000,0.00054,0.67231
29.30125,0.99750,0.00744,0.00000,0.00008,0.99249
29.40125,0.99750,0.01983,0.00000,0.00007,0.98010
29.50125,0.99750,0.11376,0.00000,0.00004,0.88620
29.60125,0.99750,0.32598,0.00000,0.00001,0.67401
29.70125,0.99750,0.72854,0.00000,0.00000,0.27146
29.80125,0.99750,0.99018,0.00000,0.00000,0.00982
29.90125,0.99750,0.99988,0.00000,0.00000,0.00012
30.00125,0.99750,0.99999,0.00000,0.00000,0.00001
30.10125,0.99750,1.00000,0.00000,0.00000,0.00000
30.20125,0.99750,1.00000,0.00000,0.00000,0.00000
30.30125,0.99750,1.00000,0.00000,0.00000,0.00000
30.40125,0.99750,1.00000,0.00000,0.00000,0.00000
30.50125,0.99750,1.00000,0.00000,0.00000,0.00000
30.60125,0.99750,1.00000,0.00000,0.00000,0.00000
30.70125,0.99750,0.99995,0.00001,0.00000,0.00004
30.80125,0.99750,0.99955,0.00002,0.00003,0.00040
30.90125,0.99750,0.96911,0.00000,0.00038,0.03051
31.00125,0.99750,0.20596,0.00000,0.00065,0.79339
31.10125,0.99750,0.03943,0.00000,0.00044,0.96013
31.20125,0.99750,0.05634,0.00000,0.00035,0.94331
31.30125,0.99750,0.35317,0.00000,0.00023,0.64660
31.40125,0.99750,0.61605,0.00000,0.00003,0.38392
31.50125,0.99750,0.90484,0.00000,0.00000,0.09516
31.60125,0.99750,0.99808,0.00000,0.00000,0.00192
31.70125,0.99750,0.99997,0.00000,0.00000,0.00003
31.80125,0.99750,1.00000,0.00000,0.00000,0.00000
31.90125,0.99750,1.00000,0.00000,0.00000,0.00000
32.00125,0.99750,1.00000,0.00000,0.00000,0.00000
32.10125,0.99750,1.00000,0.00000,0.00000,0.00000
32.20125,0.99750,1.00000,0.00000,0.00000,0.00000
32.30125,0.99750,1.00000,0.00000,0.00000,0.00000
32.40125,0.99750,0.99999,0.00000,0.00000,0.00001
32.50125,0.99750,0.99988,0.00000,0.00000,0.00011
32.60125,0.99750,0.99491,0.00003,0.00012,0.00495
32.70125,0.99750,0.81900,0.00000,0.00280,0.17820
32.80125,0.99750,0.04164,0.00000,0.00087,0.95749
32.90125,0.99750,0.01579,0.00000,0.00033,0.98388
33.00125,0.99750,0.07188,0.00000,0.00026,0.92787
33.10125,0.99750,0.28715,0.00000,0.00005,0.71280
33.20125,0.99750,0.85376,0.00000,0.00001,0.14623
33.30125,0.99750,0.99602,0.00000,0.00000,0.00398
33.40125,0.99750,0.99995,0.00000,0.00000,0.00005
33.50125,0.99750,1.00000,0.00000,0.00000,0.00000
33.60125,0.99750,1.00000,0.00000,0.00000,0.00000
33.70125,0.99750,1.00000,0.00000,0.00000,0.00000
33.80125,0.99750,1.00000,0.00000,0.00000,0.00000
33.90125,0.99750,1.00000,0.00000,0.00000,0.00000
34.00125,0.99750,1.00000,0.00000,0.00000,0.00000
34.10125,0.99750,1.00000,0.00000,0.00000,0.00000
34.20125,0.99750,1.00000,0.00000,0.00000,0.00000
34.30125,0.99750,1.00000,0.00000,0.00000,0.00000
34.40125,0.99750,1.00000,0.00000,0.00000,0.00000
34.50125,0.99750,0.99993,0.00000,0.00000,0.00007
34.60125,0.99750,0.99963,0.00000,0.00000,0.00038
34.70125,0.99750,0.99998,0.00000,0.00000,0.00002
34.80125,0.99750,1.00000,0.00000,0.00000,0.00000
34.90125,0.99750,1.00000,0.00000,0.00000,0.00000
35.00125,0.99750,1.00000,0.00000,0.00000,0.00000
35.10125,0.99750,1.00000,0.00000,0.00000,0.00000
35.20125,0.99750,1.00000,0.00000,0.00000,0.00000
35.30125,0.99750,1.00000,0.00000,0.00000,0.00000
35.40125,0.99750,1.00000,0.00000,0.00000,0.00000
35.50125,0.99750,1.00000,0.00000,0.00000,0.00000
35.60125,0.99750,1.00000,0.00000,0.00000,0.00000
35.70125,0.99750,1.00000,0.00000,0.00000,0.00000
35.80125,0.99750,0.99999,0.00001,0.00000,0.00000
35.90125,0.99750,0.99998,0.00001,0.00001,0.00000
36.00125,0.99750,0.99984,0.00000,0.00010,0.00006
36.10125,0.99750,0.96811,0.00002,0.00234,0.02953
36.20125,0.99750,0.14634,0.00000,0.00272,0.85094
36.30125,0.99750,0.04855,0.00000,0.00122,0.95023
36.40125,0.99750,0.11566,0.00000,0.00078,0.88356
36.50125,0.99750,0.22881,0.00000,0.00017,0.77102
36.60125,0.99750,0.88642,0.00000,0.00003,0.11356
36.70125,0.99750,0.99473,0.00000,0.00000,0.00526
36.80125,0.99750,0.99999,0.00000,0.00000,0.00001
36.90125,0.99750,1.00000,0.00000,0.00000,0.00000
37.00125,0.99750,1.00000,0.00000,0.00000,0.00000
37.10125,0.99750,1.00000,0.00000,0.00000,0.00000
37.20125,0.99750,1.00000,0.00000,0.00000,0.00000
37.30125,0.99750,1.00000,0.00000,0.00000,0.00000
37.40125,0.99750,0.99998,0.00000,0.00000,0.00002
37.50125,0.99750,0.99998,0.00000,0.00000,0.00002
37.60125,0.99750,0.99953,0.00000,0.00001,0.00045
37.70125,0.99750,0.99260,0.00000,0.00010,0.00730
37.80125,0.99750,0.55928,0.00000,0.00084,0.43988
37.90125,0.99750,0.05704,0.00000,0.00031,0.94265
38.00125,0.99750,0.10440,0.00000,0.00006,0.89554
38.10125,0.99750,0.33789,0.00000,0.00001,0.66210
38.20125,0.99750,0.92310,0.00000,0.00000,0.07690
38.30125,0.99750,0.99866,0.00000,0.00000,0.00134
38.40125,0.99750,1.00000,0.00000,0.00000,0.00000
38.50125,0.99750,1.00000,0.00000,0.00000,0.00000
38.60125,0.99750,1.00000,0.00000,0.00000,0.00000
38.70125,0.99750,1.00000,0.00000,0.00000,0.00000
38.80125,0.99750,1.00000,0.00000,0.00000,0.00000
38.90125,0.99750,1.00000,0.00000,0.00000,0.00000
39.00125,0.99750,1.00000,0.00000,0.00000,0.00000
39.10125,0.99750,1.00000,0.00000,0.00000,0.00000
39.20125,0.99750,0.99993,0.00000,0.00001,0.00005
39.30125,0.99750,0.99440,0.00000,0.00040,0.00519
39.40125,0.99750,0.40851,0.00000,0.00177,0.58972
39.50125,0.99750,0.14325,0.00000,0.00126,0.85549
39.60125,0.99750,0.08818,0.00000,0.00033,0.91149
39.70125,0.99750,0.35508,0.00000,0.00011,0.64480
39.80125,0.99750,0.67258,0.00000,0.00002,0.32740
39.90125,0.99750,0.91293,0.00000,0.00000,0.08707
40.00125,0.99750,0.98587,0.00000,0.00000,0.01413
40.10125,0.99750,0.99832,0.00000,0.00000,0.00168
40.20125,0.99750,0.99998,0.00000,0.00000,0.00002
40.30125,0.99750,1.00000,0.00000,0.00000,0.00000
40.40125,0.99750,1.00000,0.00000,0.00000,0.00000
40.50125,0.99750,1.00000,0.00000,0.00000,0.00000
40.60125,0.99750,1.00000,0.00000,0.00000,0.00000
40.70125,0.99750,1.00000,0.00000,0.00000,0.00000
40.80125,0.99750,1.00000,0.00000,0.00000,0.00000
40.90125,0.99750,0.99999,0.00000,0.00000,0.00001
41.00125,0.99750,0.99993,0.00000,0.00000,0.00006
41.10125,0.99750,0.99940,0.00000,0.00002,0.00058
41.20125,0.99750,0.96586,0.00000,0.00015,0.03398
41.30125,0.99750,0.18457,0.00000,0.00037,0.81506
41.40125,0.99750,0.02752,0.00000,0.00007,0.97241
41.50125,0.99750,0.12984,0.00000,0.00005,0.87011
41.60125,0.99750,0.82000,0.00000,0.00001,0.17999
41.70125,0.99750,0.96980,0.00000,0.00000,0.03020
41.80125,0.99750,0.99954,0.00000,0.00000,0.00046
41.90125,0.99750,1.00000,0.00000,0.00000,0.00000
42.00125,0.99750,1.00000,0.00000,0.00000,0.00000
42.10125,0.99750,1.00000,0.00000,0.00000,0.00000
42.20125,0.99750,1.00000,0.00000,0.00000,0.00000
42.30125,0.99750,1.00000,0.00000,0.00000,0.00000
42.40125,0.99750,1.00000,0.00000,0.00000,0.00000
42.50125,0.99750,1.00000,0.00000,0.00000,0.00000
42.60125,0.99750,1.00000,0.00000,0.00000,0.00000
42.70125,0.99750,0.99998,0.00001,0.00000,0.00001
42.80125,0.99750,0.99941,0.00000,0.00000,0.00059
42.90125,0.99750,0.96946,0.00000,0.00001,0.03052
43.00125,0.99750,0.09424,0.00000,0.00003,0.90573
43.10125,0.99750,0.02150,0.00000,0.00001,0.97849
43.20125,0.99750,0.09009,0.00000,0.00001,0.90990
43.30125,0.99750,0.34469,0.00000,0.00000,0.65531
43.40125,0.99750,0.86739,0.00000,0.00000,0.13261
43.50125,0.99750,0.99579,0.00000,0.00000,0.00421
43.60125,0.99750,0.99998,0.00000,0.00000,0.00002
43.70125,0.99750,1.00000,0.00000,0.00000,0.00000
43.80125,0.99750,1.00000,0.00000,0.00000,0.00000
43.90125,0.99750,1.00000,0.00000,0.00000,0.00000
44.00125,0.99750,1.00000,0.00000,0.00000,0.00000
44.10125,0.99750,1.00000,0.00000,0.00000,0.00000
44.20125,0.99750,1.00000,0.00000,0.00000,0.00000
44.30125,0.99750,1.00000,0.00000,0.00000,0.00000
44.40125,0.99750,0.99995,0.00000,0.00000,0.00004
44.50125,0.99750,0.99901,0.00000,0.00004,0.00095
44.60125,0.99750,0.82247,0.00000,0.00067,0.17686
44.70125,0.99750,0.07962,0.00000,0.00090,0.91947
44.80125,0.99750,0.02388,0.00000,0.00067,0.97545
44.90125,0.99750,0.12122,0.00000,0.00063,0.87815
45.00125,0.99750,0.26986,0.00000,0.00009,0.73006
45.10125,0.99750,0.73614,0.00000,0.00001,0.26385
45.20125,0.99750,0.99558,0.00000,0.00000,0.00442
45.30125,0.99750,0.99998,0.00000,0.00000,0.00002
45.40125,0.99750,1.00000,0.00000,0.00000,0.00000
45.50125,0.99750,1.00000,0.00000,0.00000,0.00000
45.60125,0.99750,1.00000,0.00000,0.00000,0.00000
45.70125,0.99750,1.00000,0.00000,0.00000,0.00000
45.80125,0.99750,1.00000,0.00000,0.00000,0.00000
45.90125,0.99750,1.00000,0.00000,0.00000,0.00000
46.00125,0.99750,0.99999,0.00000,0.00000,0.00001
46.10125,0.99750,0.99991,0.00000,0.00001,0.00008
46.20125,0.99750,0.99132,0.00000,0.00024,0.00844
46.30125,0.99750,0.56972,0.00000,0.00159,0.42868
46.40125,0.99750,0.03262,0.00000,0.00055,0.96683
46.50125,0.99750,0.02363,0.00000,0.00015,0.97621
46.60125,0.99750,0.12721,0.00000,0.00007,0.87272
46.70125,0.99750,0.40176,0.00000,0.00001,0.59823
46.80125,0.99750,0.84944,0.00000,0.00000,0.15056
46.90125,0.99750,0.99235,0.00000,0.00000,0.00765
47.00125,0.99750,0.99997,0.00000,0.00000,0.00003
47.10125,0.99750,0.99999,0.00000,0.00000,0.00001
47.20125,0.99750,1.00000,0.00000,0.00000,0.00000
47.30125,0.99750,1.00000,0.00000,0.00000,0.00000
47.40125,0.99750,1.00000,0.00000,0.00000,0.00000
47.50125,0.99750,1.00000,0.00000,0.00000,0.00000
47.60125,0.99750,1.00000,0.00000,0.00000,0.00000
47.70125,0.99750,1.00000,0.00000,0.00000,0.00000
47.80125,0.99750,0.99993,0.00000,0.00000,0.00006
47.90125,0.99750,0.99898,0.00000,0.00004,0.00098
48.00125,0.99750,0.91273,0.00000,0.00066,0.08661
48.10125,0.99750,0.22875,0.00000,0.00146,0.76979
48.20125,0.99750,0.06829,0.00000,0.00041,0.93130
48.30125,0.99750,0.31192,0.00000,0.00025,0.68784
48.40125,0.99750,0.73132,0.00000,0.00004,0.26865
48.50125,0.99750,0.95542,0.00000,0.00000,0.04458
48.60125,0.99750,0.99836,0.00000,0.00000,0.00164
48.70125,0.99750,1.00000,0.00000,0.00000,0.00000
48.80125,0.99750,1.00000,0.00000,0.00000,0.00000
48.90125,0.99750,1.00000,0.00000,0.00000,0.00000
49.00125,0.99750,1.00000,0.00000,0.00000,0.00000
49.10125,0.99750,1.00000,0.00000,0.00000,0.00000
49.20125,0.99750,1.00000,0.00000,0.00000,0.00000
49.30125,0.99750,1.00000,0.00000,0.00000,0.00000
49.40125,0.99750,1.00000,0.00000,0.00000,0.00000
49.50125,0.99750,0.99999,0.00000,0.00000,0.00001
49.60125,0.99750,0.99978,0.00000,0.00001,0.00021
49.70125,0.99750,0.92051,0.00000,0.00022,0.07926
49.80125,0.99750,0.16426,0.00001,0.00030,0.83543
49.90125,0.99750,0.02135,0.00000,0.00010,0.97855
50.00125,0.99750,0.06978,0.00000,0.00009,0.93013
50.10125,0.99750,0.24135,0.00000,0.00003,0.75862
50.20125,0.99750,0.62115,0.00000,0.00000,0.37884
50.30125,0.99750,0.93326,0.00000,0.00000,0.06674
50.40125,0.99750,0.99479,0.00000,0.00000,0.00521
50.50125,0.99750,0.99997,0.00000,0.00000,0.00003
50.60125,0.99750,1.00000,0.00000,0.00000,0.00000
50.70125,0.99750,1.00000,0.00000,0.00000,0.00000
50.80125,0.99750,1.00000,0.00000,0.00000,0.00000
50.90125,0.99750,1.00000,0.00000,0.00000,0.00000
51.00125,0.99750,1.00000,0.00000,0.00000,0.00000
51.10125,0.99750,1.00000,0.00000,0.00000,0.00000
51.20125,0.99750,1.00000,0.00000,0.00000,0.00000
51.30125,0.99750,1.00000,0.00000,0.00000,0.00000
51.40125,0.99750,1.00000,0.00000,0.00000,0.00000
51.50125,0.99750,0.99998,0.00001,0.00001,0.00000
51.60125,0.99750,0.99943,0.00000,0.00029,0.00028
51.70125,0.99750,0.95237,0.00000,0.00281,0.04482
51.80125,0.99750,0.08694,0.00000,0.00356,0.90950
51.90125,0.99750,0.01048,0.00000,0.00135,0.98817
52.00125,0.99750,0.05954,0.00000,0.00112,0.93934
52.10125,0.99750,0.25634,0.00000,0.00030,0.74335
52.20125,0.99750,0.73527,0.00000,0.00005,0.26469
52.30125,0.99750,0.99653,0.00000,0.00000,0.00346
52.40125,0.99750,0.99999,0.00000,0.00000,0.00001
52.50125,0.99750,1.00000,0.00000,0.00000,0.00000
52.60125,0.99750,1.00000,0.00000,0.00000,0.00000
52.70125,0.99750,1.00000,0.00000,0.00000,0.00000
52.80125,0.99750,1.00000,0.00000,0.00000,0.00000
52.90125,0.99750,1.00000,0.00000,0.00000,0.00000
53.00125,0.99750,1.00000,0.00000,0.00000,0.00000
53.10125,0.99750,1.00000,0.00000,0.00000,0.00000
53.20125,0.99750,1.00000,0.00000,0.00000,0.00000
53.30125,0.99750,1.00000,0.00000,0.00000,0.00000
53.40125,0.99750,1.00000,0.00000,0.00000,0.00000
53.50125,0.99750,1.00000,0.00000,0.00000,0.00000
53.60125,0.99750,0.99997,0.00001,0.00000,0.00002
53.70125,0.99750,0.99028,0.00000,0.00005,0.00966
53.80125,0.99750,0.48602,0.00000,0.00018,0.51380
53.90125,0.99750,0.00694,0.00000,0.00003,0.99303
54.00125,0.99750,0.00992,0.00000,0.00006,0.99002
54.10125,0.99750,0.03004,0.00000,0.00002,0.96994
54.20125,0.99750,0.11645,0.00000,0.00001,0.88354
54.30125,0.99750,0.31704,0.00000,0.00000,0.68296
54.40125,0.99750,0.76597,0.00000,0.00000,0.23402
54.50125,0.99750,0.99779,0.00000,0.00000,0.00221
54.60125,0.99750,0.99738,0.00000,0.00000,0.00263
54.70125,0.99750,0.99969,0.00000,0.00000,0.00031
54.80125,0.99750,0.99998,0.00000,0.00000,0.00002
54.90125,0.99750,0.99998,0.00000,0.00000,0.00002
55.00125,0.99750,0.99998,0.00000,0.00000,0.00002
55.10125,0.99750,0.99992,0.00000,0.00000,0.00008
55.20125,0.99750,0.99958,0.00000,0.00000,0.00042
55.30125,0.99750,0.99239,0.00002,0.00000,0.00759
55.40125,0.99750,0.95178,0.00004,0.00008,0.04810
55.50125,0.99750,0.42108,0.00002,0.00037,0.57853
55.60125,0.99750,0.04819,0.00001,0.00021,0.95159
55.70125,0.99750,0.02466,0.00000,0.00012,0.97522
55.80125,0.99750,0.08506,0.00000,0.00015,0.91478
55.90125,0.99750,0.15019,0.00000,0.00006,0.84975
56.00125,0.99750,0.22772,0.00000,0.00001,0.77227
56.10125,0.99750,0.55155,0.00000,0.00000,0.44845
56.20125,0.99750,0.98058,0.00000,0.00000,0.01942
56.30125,0.99750,0.99507,0.00000,0.00000,0.00493
56.40125,0.99750,0.99998,0.00000,0.00000,0.00002
56.50125,0.99750,1.00000,0.00000,0.00000,0.00000
56.60125,0.99750,1.00000,0.00000,0.00000,0.00000
56.70125,0.99750,1.00000,0.00000,0.00000,0.00000
56.80125,0.99750,1.00000,0.00000,0.00000,0.00000
56.90125,0.99750,1.00000,0.00000,0.00000,0.00000
57.00125,0.99750,1.00000,0.00000,0.00000,0.00000
57.10125,0.99750,1.00000,0.00000,0.00000,0.00000
57.20125,0.99750,1.00000,0.00000,0.00000,0.00000
57.30125,0.99750,1.00000,0.00000,0.00000,0.00000
57.40125,0.99750,1.00000,0.00000,0.00000,0.00000
57.50125,0.99750,1.00000,0.00000,0.00000,0.00000
57.60125,0.99750,1.00000,0.00000,0.00000,0.00000
57.70125,0.99750,1.00000,0.00000,0.00000,0.00000
57.80125,0.99750,1.00000,0.00000,0.00000,0.00000
57.90125,0.99750,1.00000,0.00000,0.00000,0.00000
58.00125,0.99750,1.00000,0.00000,0.00000,0.00000
58.10125,0.99750,1.00000,0.00000,0.00000,0.00000
58.20125,0.99750,1.00000,0.00000,0.00000,0.00000
58.30125,0.99750,1.00000,0.00000,0.00000,0.00000
58.40125,0.99750,0.99999,0.00000,0.00000,0.00001
58.50125,0.99750,0.99956,0.00000,0.00000,0.00044
58.60125,0.99750,0.98172,0.00001,0.00003,0.01825
58.70125,0.99750,0.17815,0.00001,0.00008,0.82176
58.80125,0.99750,0.02266,0.00000,0.00003,0.97730
58.90125,0.99750,0.03867,0.00000,0.00004,0.96129
59.00125,0.99750,0.25048,0.00000,0.00002,0.74949
59.10125,0.99750,0.54624,0.00000,0.00000,0.45376
59.20125,0.99750,0.92852,0.00000,0.00000,0.07148
59.30125,0.99750,0.99969,0.00000,0.00000,0.00031
59.40125,0.99750,0.99995,0.00000,0.00000,0.00005
59.50125,0.99750,0.99999,0.00000,0.00000,0.00001
59.60125,0.99750,1.00000,0.00000,0.00000,0.00000
59.70125,0.99750,1.00000,0.00000,0.00000,0.00000
59.80125,0.99750,1.00000,0.00000,0.00000,0.00000
59.90125,0.99750,1.00000,0.00000,0.00000,0.00000
60.00125,0.99750,1.00000,0.00000,0.00000,0.00000
60.10125,0.99750,1.00000,0.00000,0.00000,0.00000
60.20125,0.99750,0.99991,0.00000,0.00000,0.00009
60.30125,0.99750,0.98938,0.00000,0.00000,0.01062
60.40125,0.99750,0.88745,0.00000,0.00002,0.11253
60.50125,0.99750,0.70866,0.00000,0.00014,0.29120
60.60125,0.99750,0.05489,0.00000,0.00021,0.94491
60.70125,0.99750,0.01390,0.00000,0.00018,0.98592
60.80125,0.99750,0.03638,0.00000,0.00019,0.96343
60.90125,0.99750,0.16366,0.00000,0.00006,0.83629
61.00125,0.99750,0.37868,0.00000,0.00001,0.62132
61.10125,0.99750,0.95565,0.00000,0.00000,0.04435
61.20125,0.99750,0.99995,0.00000,0.00000,0.00005
61.30125,0.99750,0.99999,0.00000,0.00000,0.00001
61.40125,0.99750,1.00000,0.00000,0.00000,0.00000
61.50125,0.99750,1.00000,0.00000,0.00000,0.00000
61.60125,0.99750,1.00000,0.00000,0.00000,0.00000
61.70125,0.99750,1.00000,0.00000,0.00000,0.00000
61.80125,0.99750,1.00000,0.00000,0.00000,0.00000
61.90125,0.99750,1.00000,0.00000,0.00000,0.00000
62.00125,0.99750,0.99999,0.00000,0.00000,0.00001
62.10125,0.99750,0.99962,0.00001,0.00000,0.00037
62.20125,0.99750,0.93419,0.00000,0.00002,0.06578
62.30125,0.99750,0.24863,0.00000,0.00010,0.75127
62.40125,0.99750,0.05218,0.00000,0.00003,0.94779
62.50125,0.99750,0.09093,0.00000,0.00003,0.90904
62.60125,0.99750,0.30538,0.00000,0.00002,0.69460
62.70125,0.99750,0.58139,0.00000,0.00000,0.41861
62.80125,0.99750,0.77544,0.00000,0.00000,0.22456
62.90125,0.99750,0.95613,0.00000,0.00000,0.04387
63.00125,0.99750,0.99985,0.00000,0.00000,0.00015
63.10125,0.99750,1.00000,0.00000,0.00000,0.00000
63.20125,0.99751,1.00000,0.00000,0.00000,0.00000
63.30125,0.99750,1.00000,0.00000,0.00000,0.00000
63.40125,0.99750,1.00000,0.00000,0.00000,0.00000
63.50125,0.99750,1.00000,0.00000,0.00000,0.00000
63.60125,0.99750,1.00000,0.00000,0.00000,0.00000
63.70125,0.99751,1.00000,0.00000,0.00000,0.00000
63.80125,0.99750,1.00000,0.00000,0.00000,0.00000
63.90125,0.99750,1.00000,0.00000,0.00000,0.00000
64.00125,0.99750,1.00000,0.00000,0.00000,0.00000
64.10125,0.99750,1.00000,0.00000,0.00000,0.00000
64.20125,0.99751,0.99997,0.00000,0.00000,0.00003
64.30125,0.99751,0.99465,0.00000,0.00000,0.00535
64.40125,0.99750,0.72070,0.00000,0.00004,0.27926
64.50125,0.99750,0.17162,0.00000,0.00005,0.82833
64.60125,0.99750,0.01903,0.00000,0.00011,0.98086
64.70125,0.99751,0.00826,0.00000,0.00007,0.99167
64.80125,0.99751,0.03541,0.00000,0.00005,0.96455
64.90125,0.99750,0.13869,0.00000,0.00001,0.86130
65.00125,0.99750,0.45474,0.00000,0.00000,0.54525
65.10125,0.99750,0.95255,0.00000,0.00000,0.04745
65.20125,0.99751,0.99940,0.00000,0.00000,0.00060
65.30125,0.99751,1.00000,0.00000,0.00000,0.00000
65.40125,0.99750,1.00000,0.00000,0.00000,0.00000
65.50125,0.99750,1.00000,0.00000,0.00000,0.00000
65.60125,0.99750,1.00000,0.00000,0.00000,0.00000
65.70125,0.99751,1.00000,0.00000,0.00000,0.00000
65.80125,0.99751,1.00000,0.00000,0.00000,0.00000
65.90125,0.99750,1.00000,0.00000,0.00000,0.00000
66.00125,0.99750,1.00000,0.00000,0.00000,0.00000
66.10125,0.99750,0.99995,0.00001,0.00000,0.00004
66.20125,0.99751,0.98897,0.00009,0.00009,0.01086
66.30125,0.99751,0.67685,0.00007,0.00252,0.32056
66.40125,0.99750,0.03259,0.00001,0.00152,0.96587
66.50125,0.99750,0.00344,0.00000,0.00051,0.99605
66.60125,0.99750,0.01758,0.00000,0.00039,0.98203
66.70125,0.99751,0.09071,0.00000,0.00013,0.90916
66.80125,0.99751,0.30527,0.00000,0.00002,0.69471
66.90125,0.99750,0.78436,0.00000,0.00000,0.21564
67.00125,0.99750,0.99573,0.00000,0.00000,0.00427
67.10125,0.99750,0.99922,0.00000,0.00000,0.00078
67.20125,0.99751,0.99992,0.00000,0.00000,0.00008
67.30125,0.99751,1.00000,0.00000,0.00000,0.00000
67.40125,0.99750,0.99999,0.00000,0.00000,0.00001
67.50125,0.99750,1.00000,0.00000,0.00000,0.00000
67.60125,0.99750,1.00000,0.00000,0.00000,0.00000
67.70125,0.99751,1.00000,0.00000,0.00000,0.00000
67.80125,0.99751,0.99999,0.00000,0.00000,0.00001
67.90125,0.99750,0.99998,0.00000,0.00000,0.00002
68.00125,0.99750,0.99996,0.00000,0.00000,0.00004
68.10125,0.99750,0.99999,0.00000,0.00000,0.00001
68.20125,0.99751,1.00000,0.00000,0.00000,0.00000
68.30125,0.99751,1.00000,0.00000,0.00000,0.00000
68.40125,0.99750,1.00000,0.00000,0.00000,0.00000
68.50125,0.99750,1.00000,0.00000,0.00000,0.00000
68.60125,0.99750,1.00000,0.00000,0.00000,0.00000
68.70125,0.99751,1.00000,0.00000,0.00000,0.00000
68.80125,0.99751,1.00000,0.00000,0.00000,0.00000
68.90125,0.99750,1.00000,0.00000,0.00000,0.00000
69.00125,0.99750,1.00000,0.00000,0.00000,0.00000
69.10125,0.99750,1.00000,0.00000,0.00000,0.00000
69.20125,0.99751,1.00000,0.00000,0.00000,0.00000
69.30125,0.99751,1.00000,0.00000,0.00000,0.00000
69.40125,0.99750,1.00000,0.00000,0.00000,0.00000
69.50125,0.99750,0.99997,0.00000,0.00000,0.00003
69.60125,0.99750,0.99952,0.00000,0.00004,0.00044
69.70125,0.99751,0.99494,0.00000,0.00029,0.00476
69.80125,0.99751,0.83290,0.00000,0.00265,0.16445
69.90125,0.99750,0.04343,0.00000,0.00131,0.95525
70.00125,0.99750,0.01573,0.00000,0.00083,0.98344
70.10125,0.99750,0.08594,0.00000,0.00068,0.91337
70.20125,0.99751,0.19356,0.00000,0.00009,0.80635
70.30125,0.99751,0.92635,0.00000,0.00001,0.07364
70.40125,0.99750,0.99270,0.00000,0.00000,0.00729
70.50125,0.99750,0.99956,0.00000,0.00000,0.00044
70.60125,0.99750,0.99997,0.00000,0.00000,0.00003
70.70125,0.99751,0.99998,0.00000,0.00000,0.00002
70.80125,0.99751,1.00000,0.00000,0.00000,0.00000
70.90125,0.99750,1.00000,0.00000,0.00000,0.00000
71.00125,0.99750,1.00000,0.00000,0.00000,0.00000
71.10125,0.99750,0.99996,0.00000,0.00000,0.00004
71.20125,0.99751,0.99923,0.00000,0.00000,0.00077
71.30125,0.99751,0.95629,0.00001,0.00001,0.04368
71.40125,0.99750,0.86393,0.00001,0.00029,0.13577
71.50125,0.99750,0.42480,0.00001,0.00198,0.57320
71.60125,0.99750,0.01211,0.00000,0.00073,0.98716
71.70125,0.99751,0.01072,0.00000,0.00042,0.98885
71.80125,0.99751,0.07686,0.00000,0.00040,0.92274
71.90125,0.99750,0.27760,0.00000,0.00009,0.72231
72.00125,0.99750,0.58389,0.00000,0.00001,0.41609
72.10125,0.99750,0.98289,0.00000,0.00000,0.01711
72.20125,0.99751,0.99994,0.00000,0.00000,0.00006
72.30125,0.99751,1.00000,0.00000,0.00000,0.00000
72.40125,0.99750,1.00000,0.00000,0.00000,0.00000
72.50125,0.99750,1.00000,0.00000,0.00000,0.00000
72.60125,0.99750,1.00000,0.00000,0.00000,0.00000
72.70125,0.99751,1.00000,0.00000,0.00000,0.00000
72.80125,0.99751,1.00000,0.00000,0.00000,0.00000
72.90125,0.99750,1.00000,0.00000,0.00000,0.00000
73.00125,0.99750,1.00000,0.00000,0.00000,0.00000
73.10125,0.99750,1.00000,0.00000,0.00000,0.00000
73.20125,0.99751,0.99970,0.00001,0.00001,0.00029
73.30125,0.99751,0.97151,0.00003,0.00044,0.02803
73.40125,0.99750,0.27402,0.00004,0.00150,0.72444
73.50125,0.99750,0.04467,0.00001,0.00220,0.95312
73.60125,0.99750,0.00592,0.00000,0.00056,0.99351
73.70125,0.99751,0.03357,0.00000,0.00063,0.96580
73.80125,0.99751,0.10672,0.00000,0.00018,0.89310
73.90125,0.99750,0.34526,0.00000,0.00003,0.65471
74.00125,0.99750,0.95728,0.00000,0.00000,0.04272
74.10125,0.99750,0.99946,0.00000,0.00000,0.00054
74.20125,0.99751,0.99999,0.00000,0.00000,0.00001
74.30125,0.99751,1.00000,0.00000,0.00000,0.00000
74.40125,0.99750,1.00000,0.00000,0.00000,0.00000
74.50125,0.99750,1.00000,0.00000,0.00000,0.00000
74.60125,0.99750,1.00000,0.00000,0.00000,0.00000
74.70125,0.99751,1.00000,0.00000,0.00000,0.00000
74.80125,0.99751,1.00000,0.00000,0.00000,0.00000
74.90125,0.99750,1.00000,0.00000,0.00000,0.00000
75.00125,0.99750,1.00000,0.00000,0.00000,0.00000
75.10125,0.99750,1.00000,0.00000,0.00000,0.00000
75.20125,0.99751,0.99998,0.00001,0.00000,0.00001
75.30125,0.99751,0.99659,0.00000,0.00003,0.00337
75.40125,0.99750,0.47453,0.00001,0.00016,0.52530
75.50125,0.99750,0.01560,0.00000,0.00004,0.98437
75.60125,0.99750,0.02726,0.00000,0.00002,0.97272
75.70125,0.99751,0.09957,0.00000,0.00002,0.90041
75.80125,0.99751,0.27907,0.00000,0.00001,0.72092
75.90125,0.99750,0.38470,0.00000,0.00000,0.61530
76.00125,0.99750,0.95859,0.00000,0.00000,0.04141
76.10125,0.99750,0.99976,0.00000,0.00000,0.00024
76.20125,0.99751,1.00000,0.00000,0.00000,0.00000
76.30125,0.99751,1.00000,0.00000,0.00000,0.00000
76.40125,0.99750,1.00000,0.00000,0.00000,0.00000
76.50125,0.99750,1.00000,0.00000,0.00000,0.00000
76.60125,0.99750,1.00000,0.00000,0.00000,0.00000
76.70125,0.99751,1.00000,0.00000,0.00000,0.00000
76.80125,0.99751,1.00000,0.00000,0.00000,0.00000
76.90125,0.99750,1.00000,0.00000,0.00000,0.00000
77.00125,0.99750,1.00000,0.00000,0.00000,0.00000
77.10125,0.99750,0.99996,0.00001,0.00000,0.00004
77.20125,0.99751,0.99352,0.00000,0.00006,0.00641
77.30125,0.99751,0.50698,0.00000,0.00048,0.49254
77.40125,0.99750,0.01139,0.00000,0.00016,0.98845
77.50125,0.99750,0.01460,0.00000,0.00013,0.98527
77.60125,0.99750,0.02933,0.00000,0.00011,0.97056
77.70125,0.99751,0.07343,0.00000,0.00001,0.92656
77.80125,0.99751,0.23465,0.00000,0.00000,0.76535
77.90125,0.99750,0.80080,0.00000,0.00000,0.19920
78.00125,0.99750,0.99363,0.00000,0.00000,0.00637
78.10125,0.99750,0.99953,0.00000,0.00000,0.00047
78.20125,0.99751,1.00000,0.00000,0.00000,0.00000
78.30125,0.99751,1.00000,0.00000,0.00000,0.00000
78.40125,0.99750,1.00000,0.00000,0.00000,0.00000
78.50125,0.99750,1.00000,0.00000,0.00000,0.00000
78.60125,0.99750,1.00000,0.00000,0.00000,0.00000
78.70125,0.99751,1.00000,0.00000,0.00000,0.00000
78.80125,0.99751,1.00000,0.00000,0.00000,0.00000
78.90125,0.99750,1.00000,0.00000,0.00000,0.00000
79.00125,0.99750,1.00000,0.00000,0.00000,0.00000
79.10125,0.99750,1.00000,0.00000,0.00000,0.00000
79.20125,0.99751,1.00000,0.00000,0.00000,0.00000
79.30125,0.99751,1.00000,0.00000,0.00000,0.00000
79.40125,0.99750,1.00000,0.00000,0.00000,0.00000
79.50125,0.99750,1.00000,0.00000,0.00000,0.00000
79.60125,0.99750,1.00000,0.00000,0.00000,0.00000
79.70125,0.99751,1.00000,0.00000,0.00000,0.00000
79.80125,0.99751,1.00000,0.00000,0.00000,0.00000
79.90125,0.99750,1.00000,0.00000,0.00000,0.00000
80.00125,0.99750,1.00000,0.00000,0.00000,0.00000
80.10125,0.99750,1.00000,0.00000,0.00000,0.00000
80.20125,0.99751,1.00000,0.00000,0.00000,0.00000
80.30125,0.99751,1.00000,0.00000,0.00000,0.00000
80.40125,0.99750,1.00000,0.00000,0.00000,0.00000
80.50125,0.99750,1.00000,0.00000,0.00000,0.00000
80.60125,0.99750,1.00000,0.00000,0.00000,0.00000
80.70125,0.99751,1.00000,0.00000,0.00000,0.00000
80.80125,0.99751,1.00000,0.00000,0.00000,0.00000
80.90125,0.99750,0.99998,0.00000,0.00000,0.00002
81.00125,0.99750,0.99350,0.00000,0.00000,0.00650
81.10125,0.99750,0.80357,0.00000,0.00003,0.19639
81.20125,0.99751,0.08856,0.00000,0.00004,0.91140
81.30125,0.99751,0.02562,0.00000,0.00002,0.97436
81.40125,0.99750,0.07565,0.00000,0.00002,0.92433
81.50125,0.99750,0.26328,0.00000,0.00000,0.73671
81.60125,0.99750,0.86888,0.00000,0.00000,0.13112
81.70125,0.99751,0.99509,0.00000,0.00000,0.00491
81.80125,0.99751,0.99992,0.00000,0.00000,0.00008
81.90125,0.99750,1.00000,0.00000,0.00000,0.00000
82.00125,0.99750,1.00000,0.00000,0.00000,0.00000
82.10125,0.99750,1.00000,0.00000,0.00000,0.00000
82.20125,0.99751,1.00000,0.00000,0.00000,0.00000
82.30125,0.99751,1.00000,0.00000,0.00000,0.00000
82.40125,0.99750,1.00000,0.00000,0.00000,0.00000
82.50125,0.99750,0.99999,0.00000,0.00000,0.00000
82.60125,0.99750,0.99986,0.00000,0.00000,0.00013
82.70125,0.99751,0.99427,0.00000,0.00004,0.00568
82.80125,0.99751,0.82634,0.00000,0.00030,0.17336
82.90125,0.99750,0.03213,0.00000,0.00012,0.96775
83.00125,0.99750,0.03943,0.00000,0.00011,0.96046
83.10125,0.99750,0.10892,0.00000,0.00006,0.89102
83.20125,0.99751,0.30184,0.00000,0.00001,0.69815
83.30125,0.99751,0.85722,0.00000,0.00000,0.14278
83.40125,0.99750,0.98329,0.00000,0.00000,0.01671
83.50125,0.99750,0.99932,0.00000,0.00000,0.00068
83.60125,0.99750,0.99982,0.00000,0.00000,0.00018
83.70125,0.99751,0.99997,0.00000,0.00000,0.00003
83.80125,0.99751,1.00000,0.00000,0.00000,0.00000
83.90125,0.99750,0.99999,0.00000,0.00000,0.00001
84.00125,0.99750,0.99999,0.00000,0.00000,0.00001
84.10125,0.99750,0.99972,0.00000,0.00000,0.00028
84.20125,0.99751,0.99380,0.00000,0.00000,0.00620
84.30125,0.99751,0.98242,0.00000,0.00003,0.01756
84.40125,0.99750,0.83489,0.00000,0.00015,0.16496
84.50125,0.99750,0.22331,0.00000,0.00029,0.77640
84.60125,0.99750,0.02931,0.00000,0.00015,0.97054
84.70125,0.99751,0.04829,0.00000,0.00007,0.95165
84.80125,0.99751,0.48871,0.00000,0.00003,0.51125
84.90125,0.99750,0.93693,0.00000,0.00000,0.06307
85.00125,0.99750,0.99646,0.00000,0.00000,0.00354
85.10125,0.99750,0.99996,0.00000,0.00000,0.00004
85.20125,0.99751,0.99997,0.00000,0.00000,0.00003
85.30125,0.99751,1.00000,0.00000,0.00000,0.00000
85.40125,0.99750,1.00000,0.00000,0.00000,0.00000
85.50125,0.99750,1.00000,0.00000,0.00000,0.00000
85.60125,0.99750,1.00000,0.00000,0.00000,0.00000
85.70125,0.99751,0.99999,0.00000,0.00000,0.00001
85.80125,0.99751,0.99982,0.00000,0.00000,0.00018
85.90125,0.99750,0.99522,0.00000,0.00002,0.00476
86.00125,0.99750,0.90581,0.00000,0.00049,0.09370
86.10125,0.99750,0.37146,0.00000,0.00143,0.62711
86.20125,0.99751,0.01659,0.00000,0.00054,0.98287
86.30125,0.99751,0.01303,0.00000,0.00044,0.98653
86.40125,0.99750,0.05431,0.00000,0.00018,0.94551
86.50125,0.99750,0.15341,0.00000,0.00003,0.84656
86.60125,0.99750,0.73863,0.00000,0.00001,0.26136
86.70125,0.99751,0.99179,0.00000,0.00000,0.00821
86.80125,0.99751,0.99989,0.00000,0.00000,0.00011
86.90125,0.99750,0.99979,0.00000,0.00000,0.00021
87.00125,0.99750,0.99998,0.00000,0.00000,0.00002
87.10125,0.99750,1.00000,0.00000,0.00000,0.00000
87.20125,0.99751,1.00000,0.00000,0.00000,0.00000
87.30125,0.99751,0.99999,0.00000,0.00000,0.00001
87.40125,0.99750,0.99985,0.00000,0.00000,0.00015
87.50125,0.99750,0.99957,0.00000,0.00000,0.00043
87.60125,0.99750,0.97728,0.00000,0.00000,0.02271
87.70125,0.99751,0.65717,0.00000,0.00002,0.34280
87.80125,0.99751,0.08209,0.00000,0.00003,0.91788
87.90125,0.99750,0.02326,0.00000,0.00002,0.97672
88.00125,0.99750,0.04873,0.00000,0.00001,0.95126
88.10125,0.99750,0.18546,0.00000,0.00000,0.81454
88.20125,0.99751,0.67041,0.00000,0.00000,0.32959
88.30125,0.99751,0.99808,0.00000,0.00000,0.00192
88.40125,0.99750,0.99999,0.00000,0.00000,0.00001
88.50125,0.99750,0.99999,0.00000,0.00000,0.00001
88.60125,0.99750,1.00000,0.00000,0.00000,0.00000
88.70125,0.99751,1.00000,0.00000,0.00000,0.00000
88.80125,0.99751,1.00000,0.00000,0.00000,0.00000
88.90125,0.99750,1.00000,0.00000,0.00000,0.00000
89.00125,0.99750,1.00000,0.00000,0.00000,0.00000
89.10125,0.99750,0.99996,0.00000,0.00000,0.00004
89.20125,0.99751,0.99926,0.00000,0.00002,0.00072
89.30125,0.99751,0.84897,0.00000,0.00026,0.15077
89.40125,0.99750,0.06385,0.00000,0.00019,0.93596
89.50125,0.99750,0.03083,0.00000,0.00013,0.96904
89.60125,0.99750,0.06149,0.00000,0.00006,0.93845
89.70125,0.99751,0.19357,0.00000,0.00001,0.80641
89.80125,0.99751,0.48906,0.00000,0.00000,0.51094
89.90125,0.99750,0.95471,0.00000,0.00000,0.04529
90.00125,0.99750,0.99895,0.00000,0.00000,0.00105
90.10125,0.99750,0.99839,0.00000,0.00000,0.00161
90.20125,0.99751,0.99971,0.00000,0.00000,0.00029
90.30125,0.99751,0.99938,0.00000,0.00000,0.00062
90.40125,0.99750,0.99974,0.00000,0.00000,0.00026
90.50125,0.99750,0.99969,0.00000,0.00000,0.00031
90.60125,0.99750,0.99849,0.00000,0.00000,0.00151
90.70125,0.99751,0.94526,0.00000,0.00001,0.05473
90.80125,0.99751,0.81517,0.00000,0.00003,0.18480
90.90125,0.99750,0.15475,0.00000,0.00006,0.84520
91.00125,0.99750,0.01508,0.00000,0.00001,0.98491
91.10125,0.99750,0.02227,0.00000,0.00000,0.97772
91.20125,0.99751,0.13500,0.00000,0.00000,0.86500
91.30125,0.99751,0.60564,0.00000,0.00000,0.39436
91.40125,0.99750,0.99615,0.00000,0.00000,0.00385
91.50125,0.99750,0.99998,0.00000,0.00000,0.00002
91.60125,0.99750,0.99999,0.00000,0.00000,0.00001
91.70125,0.99751,1.00000,0.00000,0.00000,0.00000
91.80125,0.99751,1.00000,0.00000,0.00000,0.00000
91.90125,0.99750,1.00000,0.00000,0.00000,0.00000
92.00125,0.99750,1.00000,0.00000,0.00000,0.00000
92.10125,0.99750,1.00000,0.00000,0.00000,0.00000
92.20125,0.99751,1.00000,0.00000,0.00000,0.00000
92.30125,0.99751,1.00000,0.00000,0.00000,0.00000
92.40125,0.99750,1.00000,0.00000,0.00000,0.00000
92.50125,0.99750,1.00000,0.00000,0.00000,0.00000
92.60125,0.99750,1.00000,0.00000,0.00000,0.00000
92.70125,0.99751,1.00000,0.00000,0.00000,0.00000
92.80125,0.99751,1.00000,0.00000,0.00000,0.00000
92.90125,0.99750,1.00000,0.00000,0.00000,0.00000
93.00125,0.99750,1.00000,0.00000,0.00000,0.00000
93.10125,0.99750,1.00000,0.00000,0.00000,0.00000
93.20125,0.99751,1.00000,0.00000,0.00000,0.00000
93.30125,0.99751,1.00000,0.00000,0.00000,0.00000
93.40125,0.99750,1.00000,0.00000,0.00000,0.00000
93.50125,0.99750,0.99998,0.00000,0.00000,0.00002
93.60125,0.99750,0.99850,0.00001,0.00000,0.00150
93.70125,0.99751,0.85670,0.00001,0.00002,0.14327
93.80125,0.99751,0.20955,0.00000,0.00001,0.79044
93.90125,0.99750,0.05402,0.00000,0.00001,0.94597
94.00125,0.99750,0.07600,0.00000,0.00001,0.92399
94.10125,0.99750,0.27705,0.00000,0.00000,0.72294
94.20125,0.99751,0.60332,0.00000,0.00000,0.39668
94.30125,0.99751,0.94270,0.00000,0.00001,0.05729
94.40125,0.99750,0.98650,0.00000,0.00000,0.01350
94.50125,0.99750,0.99017,0.00000,0.00000,0.00983
94.60125,0.99750,0.99713,0.00000,0.00000,0.00287
94.70125,0.99751,0.99981,0.00000,0.00000,0.00019
94.80125,0.99751,0.99997,0.00000,0.00000,0.00003
94.90125,0.99750,1.00000,0.00000,0.00000,0.00000
95.00125,0.99750,1.00000,0.00000,0.00000,0.00000
95.10125,0.99750,1.00000,0.00000,0.00000,0.00000
95.20125,0.99751,1.00000,0.00000,0.00000,0.00000
95.30125,0.99751,1.00000,0.00000,0.00000,0.00000
95.40125,0.99750,1.00000,0.00000,0.00000,0.00000
95.50125,0.99750,1.00000,0.00000,0.00000,0.00000
95.60125,0.99750,1.00000,0.00000,0.00000,0.00000
95.70125,0.99751,1.00000,0.00000,0.00000,0.00000
95.80125,0.99751,1.00000,0.00000,0.00000,0.00000
95.90125,0.99750,1.00000,0.00000,0.00000,0.00000
96.00125,0.99750,1.00000,0.00000,0.00000,0.00000
96.10125,0.99750,1.00000,0.00000,0.00000,0.00000
96.20125,0.99751,1.00000,0.00000,0.00000,0.00000
96.30125,0.99751,1.00000,0.00000,0.00000,0.00000
96.40125,0.99750,1.00000,0.00000,0.00000,0.00000
96.50125,0.99750,1.00000,0.00000,0.00000,0.00000
96.60125,0.99750,1.00000,0.00000,0.00000,0.00000
96.70125,0.99751,1.00000,0.00000,0.00000,0.00000
96.80125,0.99751,1.00000,0.00000,0.00000,0.00000
96.90125,0.99750,1.00000,0.00000,0.00000,0.00000
97.00125,0.99750,1.00000,0.00000,0.00000,0.00000
97.10125,0.99750,0.99998,0.00000,0.00000,0.00002
97.20125,0.99751,0.99800,0.00000,0.00000,0.00199
97.30125,0.99751,0.90668,0.00000,0.00003,0.09328
97.40125,0.99750,0.10556,0.00000,0.00003,0.89442
97.50125,0.99750,0.01310,0.00000,0.00001,0.98689
97.60125,0.99750,0.04327,0.00000,0.00001,0.95672
97.70125,0.99751,0.17596,0.00000,0.00000,0.82404
97.80125,0.99751,0.74924,0.00000,0.00000,0.25076
97.90125,0.99750,0.97688,0.00000,0.00000,0.02312
98.00125,0.99750,0.99990,0.00000,0.00000,0.00010
98.10125,0.99750,0.99998,0.00000,0.00000,0.00002
98.20125,0.99751,1.00000,0.00000,0.00000,0.00000
98.30125,0.99751,1.00000,0.00000,0.00000,0.00000
98.40125,0.99750,1.00000,0.00000,0.00000,0.00000
98.50125,0.99750,1.00000,0.00000,0.00000,0.00000
98.60125,0.99750,1.00000,0.00000,0.00000,0.00000
98.70125,0.99751,1.00000,0.00000,0.00000,0.00000
98.80125,0.99751,1.00000,0.00000,0.00000,0.00000
98.90125,0.99750,1.00000,0.00000,0.00000,0.00000
99.00125,0.99750,1.00000,0.00000,0.00000,0.00000
99.10125,0.99750,1.00000,0.00000,0.00000,0.00000
99.20125,0.99751,1.00000,0.00000,0.00000,0.00000
99.30125,0.99751,1.00000,0.00000,0.00000,0.00000
99.40125,0.99750,1.00000,0.00000,0.00000,0.00000
99.50125,0.99750,1.00000,0.00000,0.00000,0.00000
99.60125,0.99750,1.00000,0.00000,0.00000,0.00000
99.70125,0.99751,1.00000,0.00000,0.00000,0.00000
99.80125,0.99751,1.00000,0.00000,0.00000,0.00000
99.90125,0.99750,1.00000,0.00000,0.00000,0.00000
100.00125,0.99750,1.00000,0.00000,0.00000,0.00000
100.10125,0.99750,0.99997,0.00000,0.00000,0.00003
100.20125,0.99751,0.99366,0.00000,0.00004,0.00630
100.30125,0.99751,0.17381,0.00000,0.00008,0.82611
100.40125,0.99750,0.00855,0.00000,0.00001,0.99144
100.50125,0.99750,0.01382,0.00000,0.00001,0.98617
100.60125,0.99750,0.06729,0.00000,0.00000,0.93271
100.70125,0.99751,0.20111,0.00000,0.00000,0.79889
100.80125,0.99751,0.98991,0.00000,0.00000,0.01009
100.90125,0.99750,0.99998,0.00000,0.00000,0.00002
101.00125,0.99750,1.00000,0.00000,0.00000,0.00000
101.10125,0.99750,1.00000,0.00000,0.00000,0.00000
101.20125,0.99751,1.00000,0.00000,0.00000,0.00000
101.30125,0.99751,1.00000,0.00000,0.00000,0.00000
101.40125,0.99750,1.00000,0.00000,0.00000,0.00000
101.50125,0.99750,1.00000,0.00000,0.00000,0.00000
101.60125,0.99750,1.00000,0.00000,0.00000,0.00000
101.70125,0.99751,1.00000,0.00000,0.00000,0.00000
101.80125,0.99751,1.00000,0.00000,0.00000,0.00000
101.90125,0.99750,1.00000,0.00000,0.00000,0.00000
102.00125,0.99750,1.00000,0.00000,0.00000,0.00000
102.10125,0.99750,1.00000,0.00000,0.00000,0.00000
102.20125,0.99751,1.00000,0.00000,0.00000,0.00000
102.30125,0.99751,1.00000,0.00000,0.00000,0.00000
102.40125,0.99750,1.00000,0.00000,0.00000,0.00000
102.50125,0.99750,1.00000,0.00000,0.00000,0.00000
102.60125,0.99750,1.00000,0.00000,0.00000,0.00000
102.70125,0.99751,1.00000,0.00000,0.00000,0.00000
102.80125,0.99751,1.00000,0.00000,0.00000,0.00000
102.90125,0.99750,1.00000,0.00000,0.00000,0.00000
103.00125,0.99750,1.00000,0.00000,0.00000,0.00000
103.10125,0.99750,0.99991,0.00000,0.00000,0.00008
103.20125,0.99751,0.96395,0.00000,0.00006,0.03599
103.30125,0.99751,0.14738,0.00000,0.00008,0.85254
103.40125,0.99750,0.02154,0.00000,0.00001,0.97845
103.50125,0.99750,0.05792,0.00000,0.00001,0.94207
103.60125,0.99750,0.19909,0.00000,0.00000,0.80091
103.70125,0.99751,0.58982,0.00000,0.00000,0.41018
103.80125,0.99751,0.99530,0.00000,0.00000,0.00470
103.90125,0.99750,0.99999,0.00000,0.00000,0.00001
104.00125,0.99750,1.00000,0.00000,0.00000,0.00000
104.10125,0.99750,1.00000,0.00000,0.00000,0.00000
104.20125,0.99751,1.00000,0.00000,0.00000,0.00000
104.30125,0.99751,1.00000,0.00000,0.00000,0.00000
104.40125,0.99750,1.00000,0.00000,0.00000,0.00000
104.50125,0.99750,1.00000,0.00000,0.00000,0.00000
104.60125,0.99750,1.00000,0.00000,0.00000,0.00000
104.70125,0.99751,1.00000,0.00000,0.00000,0.00000
104.80125,0.99751,1.00000,0.00000,0.00000,0.00000
104.90125,0.99750,1.00000,0.00000,0.00000,0.00000
105.00125,0.99750,1.00000,0.00000,0.00000,0.00000
105.10125,0.99750,1.00000,0.00000,0.00000,0.00000
105.20125,0.99751,1.00000,0.00000,0.00000,0.00000
105.30125,0.99751,1.00000,0.00000,0.00000,0.00000
105.40125,0.99750,1.00000,0.00000,0.00000,0.00000
105.50125,0.99750,1.00000,0.00000,0.00000,0.00000
105.60125,0.99750,1.00000,0.00000,0.00000,0.00000
105.70125,0.99751,1.00000,0.00000,0.00000,0.00000
105.80125,0.99751,1.00000,0.00000,0.00000,0.00000
105.90125,0.99750,1.00000,0.00000,0.00000,0.00000
106.00125,0.99750,1.00000,0.00000,0.00000,0.00000
106.10125,0.99750,1.00000,0.00000,0.00000,0.00000
106.20125,0.99751,1.00000,0.00000,0.00000,0.00000
106.30125,0.99751,0.99953,0.00000,0.00002,0.00045
106.40125,0.99750,0.93917,0.00000,0.00014,0.06069
106.50125,0.99750,0.02949,0.00000,0.00005,0.97047
106.60125,0.99750,0.01163,0.00000,0.00002,0.98835
106.70125,0.99751,0.05492,0.00000,0.00001,0.94507
106.80125,0.99751,0.55544,0.00000,0.00000,0.44456
106.90125,0.99750,0.96123,0.00000,0.00000,0.03877
107.00125,0.99750,0.99983,0.00000,0.00000,0.00017
107.10125,0.99750,0.99999,0.00000,0.00000,0.00001
107.20125,0.99751,1.00000,0.00000,0.00000,0.00000
107.30125,0.99751,1.00000,0.00000,0.00000,0.00000
107.40125,0.99750,1.00000,0.00000,0.00000,0.00000
107.50125,0.99750,1.00000,0.00000,0.00000,0.00000
107.60125,0.99750,1.00000,0.00000,0.00000,0.00000
107.70125,0.99751,1.00000,0.00000,0.00000,0.00000
107.80125,0.99751,1.00000,0.00000,0.00000,0.00000
107.90125,0.99750,1.00000,0.00000,0.00000,0.00000
108.00125,0.99750,1.00000,0.00000,0.00000,0.00000
108.10125,0.99750,1.00000,0.00000,0.00000,0.00000
108.20125,0.99751,1.00000,0.00000,0.00000,0.00000
108.30125,0.99751,1.00000,0.00000,0.00000,0.00000
108.40125,0.99750,1.00000,0.00000,0.00000,0.00000
108.50125,0.99750,1.00000,0.00000,0.00000,0.00000
108.60125,0.99750,1.00000,0.00000,0.00000,0.00000
108.70125,0.99751,1.00000,0.00000,0.00000,0.00000
108.80125,0.99751,1.00000,0.00000,0.00000,0.00000
108.90125,0.99750,1.00000,0.00000,0.00000,0.00000
109.00125,0.99750,1.00000,0.00000,0.00000,0.00000
109.10125,0.99750,1.00000,0.00000,0.00000,0.00000
109.20125,0.99751,1.00000,0.00000,0.00000,0.00000
109.30125,0.99751,1.00000,0.00000,0.00000,0.00000
109.40125,0.99750,1.00000,0.00000,0.00000,0.00000
109.50125,0.99750,1.00000,0.00000,0.00000,0.00000
109.60125,0.99750,1.00000,0.00000,0.00000,0.00000
109.70125,0.99751,1.00000,0.00000,0.00000,0.00000
109.80125,0.99751,0.99892,0.00000,0.00001,0.00107
109.90125,0.99750,0.58960,0.00001,0.00007,0.41032
110.00125,0.99750,0.02601,0.00000,0.00001,0.97398
110.10125,0.99750,0.02279,0.00000,0.00000,0.97721
110.20125,0.99751,0.12756,0.00000,0.00000,0.87244
110.30125,0.99751,0.94407,0.00000,0.00000,0.05593
110.40125,0.99750,0.99973,0.00000,0.00000,0.00027
110.50125,0.99750,1.00000,0.00000,0.00000,0.00000
110.60125,0.99750,1.00000,0.00000,0.00000,0.00000
110.70125,0.99751,1.00000,0.00000,0.00000,0.00000
110.80125,0.99751,1.00000,0.00000,0.00000,0.00000
110.90125,0.99750,1.00000,0.00000,0.00000,0.00000
111.00125,0.99750,1.00000,0.00000,0.00000,0.00000
111.10125,0.99750,1.00000,0.00000,0.00000,0.00000
111.20125,0.99751,1.00000,0.00000,0.00000,0.00000
111.30125,0.99751,1.00000,0.00000,0.00000,0.00000
111.40125,0.99750,1.00000,0.00000,0.00000,0.00000
111.50125,0.99750,1.00000,0.00000,0.00000,0.00000
111.60125,0.99750,1.00000,0.00000,0.00000,0.00000
111.70125,0.99751,1.00000,0.00000,0.00000,0.00000
111.80125,0.99751,1.00000,0.00000,0.00000,0.00000
111.90125,0.99750,1.00000,0.00000,0.00000,0.00000
112.00125,0.99750,1.00000,0.00000,0.00000,0.00000
112.10125,0.99750,1.00000,0.00000,0.00000,0.00000
112.20125,0.99751,1.00000,0.00000,0.00000,0.00000
112.30125,0.99751,1.00000,0.00000,0.00000,0.00000
112.40125,0.99750,1.00000,0.00000,0.00000,0.00000
112.50125,0.99750,1.00000,0.00000,0.00000,0.00000
112.60125,0.99750,1.00000,0.00000,0.00000,0.00000
112.70125,0.99751,0.99999,0.00000,0.00000,0.00000
112.80125,0.99751,0.99917,0.00000,0.00003,0.00080
112.90125,0.99750,0.88916,0.00000,0.00025,0.11058
113.00125,0.99750,0.04111,0.00000,0.00014,0.95875
113.10125,0.99750,0.00632,0.00000,0.00004,0.99363
113.20125,0.99751,0.02128,0.00000,0.00003,0.97870
113.30125,0.99751,0.12763,0.00000,0.00001,0.87237
113.40125,0.99750,0.38587,0.00000,0.00000,0.61413
113.50125,0.99750,0.97715,0.00000,0.00000,0.02285
113.60125,0.99750,0.99985,0.00000,0.00000,0.00015
113.70125,0.99751,1.00000,0.00000,0.00000,0.00000
113.80125,0.99751,1.00000,0.00000,0.00000,0.00000
113.90125,0.99750,1.00000,0.00000,0.00000,0.00000
114.00125,0.99750,1.00000,0.00000,0.00000,0.00000
114.10125,0.99750,1.00000,0.00000,0.00000,0.00000
114.20125,0.99751,1.00000,0.00000,0.00000,0.00000
114.30125,0.99751,1.00000,0.00000,0.00000,0.00000
114.40125,0.99750,1.00000,0.00000,0.00000,0.00000
114.50125,0.99750,1.00000,0.00000,0.00000,0.00000
114.60125,0.99750,1.00000,0.00000,0.00000,0.00000
114.70125,0.99751,1.00000,0.00000,0.00000,0.00000
114.80125,0.99751,1.00000,0.00000,0.00000,0.00000
114.90125,0.99750,1.00000,0.00000,0.00000,0.00000
115.00125,0.99750,1.00000,0.00000,0.00000,0.00000
115.10125,0.99750,1.00000,0.00000,0.00000,0.00000
115.20125,0.99751,1.00000,0.00000,0.00000,0.00000
115.30125,0.99751,1.00000,0.00000,0.00000,0.00000
115.40125,0.99750,1.00000,0.00000,0.00000,0.00000
115.50125,0.99750,1.00000,0.00000,0.00000,0.00000
115.60125,0.99750,1.00000,0.00000,0.00000,0.00000
115.70125,0.99751,1.00000,0.00000,0.00000,0.00000
115.80125,0.99751,0.99972,0.00000,0.00001,0.00027
115.90125,0.99750,0.95602,0.00000,0.00014,0.04385
116.00125,0.99750,0.07928,0.00000,0.00010,0.92063
116.10125,0.99750,0.01109,0.00000,0.00002,0.98889
116.20125,0.99751,0.06058,0.00000,0.00001,0.93941
116.30125,0.99751,0.41475,0.00000,0.00000,0.58524
116.40125,0.99750,0.97069,0.00000,0.00000,0.02931
116.50125,0.99750,0.99970,0.00000,0.00000,0.00030
116.60125,0.99750,1.00000,0.00000,0.00000,0.00000
116.70125,0.99751,1.00000,0.00000,0.00000,0.00000
116.80125,0.99751,1.00000,0.00000,0.00000,0.00000
116.90125,0.99750,1.00000,0.00000,0.00000,0.00000
117.00125,0.99750,1.00000,0.00000,0.00000,0.00000
117.10125,0.99750,1.00000,0.00000,0.00000,0.00000
117.20125,0.99751,1.00000,0.00000,0.00000,0.00000
117.30125,0.99751,1.00000,0.00000,0.00000,0.00000
117.40125,0.99750,1.00000,0.00000,0.00000,0.00000
117.50125,0.99750,1.00000,0.00000,0.00000,0.00000
117.60125,0.99750,1.00000,0.00000,0.00000,0.00000
117.70125,0.99751,1.00000,0.00000,0.00000,0.00000
117.80125,0.99751,1.00000,0.00000,0.00000,0.00000
117.90125,0.99750,1.00000,0.00000,0.00000,0.00000
118.00125,0.99750,1.00000,0.00000,0.00000,0.00000
118.10125,0.99750,1.00000,0.00000,0.00000,0.00000
118.20125,0.99751,1.00000,0.00000,0.00000,0.00000
118.30125,0.99751,1.00000,0.00000,0.00000,0.00000
118.40125,0.99750,1.00000,0.00000,0.00000,0.00000
118.50125,0.99750,1.00000,0.00000,0.00000,0.00000
118.60125,0.99750,1.00000,0.00000,0.00000,0.00000
118.70125,0.99751,1.00000,0.00000,0.00000,0.00000
118.80125,0.99751,1.00000,0.00000,0.00000,0.00000
118.90125,0.99750,1.00000,0.00000,0.00000,0.00000
119.00125,0.99750,1.00000,0.00000,0.00000,0.00000
119.10125,0.99750,1.00000,0.00000,0.00000,0.00000
119.20125,0.99751,1.00000,0.00000,0.00000,0.00000
119.30125,0.99751,1.00000,0.00000,0.00000,0.00000
119.40125,0.99750,1.00000,0.00000,0.00000,0.00000
119.50125,0.99750,1.00000,0.00000,0.00000,0.00000
119.60125,0.99750,1.00000,0.00000,0.00000,0.00000
119.70125,0.99751,1.00000,0.00000,0.00000,0.00000
119.80125,0.99751,1.00000,0.00000,0.00000,0.00000
119.90125,0.99750,0.99995,0.00000,0.00003,0.00002
120.00125,0.99750,0.98873,0.00000,0.00048,0.01078
120.10125,0.99750,0.24983,0.00000,0.00273,0.74745
120.20125,0.99751,0.01816,0.00000,0.00037,0.98147
120.30125,0.99751,0.03845,0.00000,0.00030,0.96124
120.40125,0.99750,0.13216,0.00000,0.00011,0.86773
120.50125,0.99750,0.45369,0.00000,0.00002,0.54629
120.60125,0.99750,0.93974,0.00000,0.00000,0.06026
120.70125,0.99751,0.99905,0.00000,0.00000,0.00095
120.80125,0.99751,1.00000,0.00000,0.00000,0.00000
120.90125,0.99750,1.00000,0.00000,0.00000,0.00000
121.00125,0.99750,1.00000,0.00000,0.00000,0.00000
121.10125,0.99750,1.00000,0.00000,0.00000,0.00000
121.20125,0.99751,1.00000,0.00000,0.00000,0.00000
121.30125,0.99751,1.00000,0.00000,0.00000,0.00000
121.40125,0.99750,1.00000,0.00000,0.00000,0.00000
121.50125,0.99750,1.00000,0.00000,0.00000,0.00000
121.60125,0.99750,1.00000,0.00000,0.00000,0.00000
121.70125,0.99751,1.00000,0.00000,0.00000,0.00000
121.80125,0.99751,1.00000,0.00000,0.00000,0.00000
121.90125,0.99750,1.00000,0.00000,0.00000,0.00000
122.00125,0.99750,1.00000,0.00000,0.00000,0.00000
122.10125,0.99750,1.00000,0.00000,0.00000,0.00000
122.20125,0.99751,1.00000,0.00000,0.00000,0.00000
122.30125,0.99751,1.00000,0.00000,0.00000,0.00000
122.40125,0.99750,1.00000,0.00000,0.00000,0.00000
122.50125,0.99750,1.00000,0.00000,0.00000,0.00000
122.60125,0.99750,1.00000,0.00000,0.00000,0.00000
122.70125,0.99751,1.00000,0.00000,0.00000,0.00000
122.80125,0.99751,1.00000,0.00000,0.00000,0.00000
122.90125,0.99750,1.00000,0.00000,0.00000,0.00000
123.00125,0.99750,1.00000,0.00000,0.00000,0.00000
123.10125,0.99750,1.00000,0.00000,0.00000,0.00000
123.20125,0.99751,1.00000,0.00000,0.00000,0.00000
123.30125,0.99751,1.00000,0.00000,0.00000,0.00000
123.40125,0.99750,1.00000,0.00000,0.00000,0.00000
123.50125,0.99750,1.00000,0.00000,0.00000,0.00000
123.60125,0.99750,1.00000,0.00000,0.00000,0.00000
123.70125,0.99751,1.00000,0.00000,0.00000,0.00000
123.80125,0.99751,1.00000,0.00000,0.00000,0.00000
123.90125,0.99750,1.00000,0.00000,0.00000,0.00000
124.00125,0.99750,1.00000,0.00000,0.00000,0.00000
124.10125,0.99750,1.00000,0.00000,0.00000,0.00000
124.20125,0.99751,1.00000,0.00000,0.00000,0.00000
124.30125,0.99751,1.00000,0.00000,0.00000,0.00000
124.40125,0.99750,1.00000,0.00000,0.00000,0.00000
124.50125,0.99750,1.00000,0.00000,0.00000,0.00000
124.60125,0.99750,1.00000,0.00000,0.00000,0.00000
124.70125,0.99751,1.00000,0.00000,0.00000,0.00000
124.80125,0.99751,1.00000,0.00000,0.00000,0.00000
124.90125,0.99750,1.00000,0.00000,0.00000,0.00000
125.00125,0.99750,1.00000,0.00000,0.00000,0.00000
125.10125,0.99750,1.00000,0.00000,0.00000,0.00000
125.20125,0.99751,1.00000,0.00000,0.00000,0.00000
125.30125,0.99751,1.00000,0.00000,0.00000,0.00000
125.40125,0.99750,1.00000,0.00000,0.00000,0.00000
125.50125,0.99750,1.00000,0.00000,0.00000,0.00000
125.60125,0.99750,1.00000,0.00000,0.00000,0.00000
125.70125,0.99751,1.00000,0.00000,0.00000,0.00000
125.80125,0.99751,1.00000,0.00000,0.00000,0.00000
125.90125,0.99750,1.00000,0.00000,0.00000,0.00000
126.00125,0.99750,1.00000,0.00000,0.00000,0.00000
126.10125,0.99750,1.00000,0.00000,0.00000,0.00000
126.20125,0.99751,1.00000,0.00000,0.00000,0.00000
126.30125,0.99751,1.00000,0.00000,0.00000,0.00000
126.40125,0.99750,1.00000,0.00000,0.00000,0.00000
126.50125,0.99750,1.00000,0.00000,0.00000,0.00000
126.60125,0.99750,1.00000,0.00000,0.00000,0.00000
126.70125,0.99751,1.00000,0.00000,0.00000,0.00000
126.80125,0.99751,1.00000,0.00000,0.00000,0.00000
126.90125,0.99750,1.00000,0.00000,0.00000,0.00000
127.00125,0.99750,1.00000,0.00000,0.00000,0.00000
127.10125,0.99751,1.00000,0.00000,0.00000,0.00000
127.20125,0.99750,1.00000,0.00000,0.00000,0.00000
127.30125,0.99751,0.99979,0.00000,0.00001,0.00019
127.40125,0.99749,0.93745,0.00001,0.00058,0.06196
127.50125,0.99750,0.11859,0.00001,0.00031,0.88109
127.60125,0.99751,0.04646,0.00000,0.00006,0.95348
127.70125,0.99750,0.31542,0.00000,0.00006,0.68452
127.80125,0.99751,0.72863,0.00000,0.00001,0.27136
127.90125,0.99749,0.98831,0.00000,0.00000,0.01169
128.00125,0.99750,0.99998,0.00000,0.00000,0.00002
128.10126,0.99750,1.00000,0.00000,0.00000,0.00000
128.20125,0.99750,1.00000,0.00000,0.00000,0.00000
128.30125,0.99750,1.00000,0.00000,0.00000,0.00000
128.40125,0.99750,1.00000,0.00000,0.00000,0.00000
128.50125,0.99750,1.00000,0.00000,0.00000,0.00000
128.60126,0.99750,1.00000,0.00000,0.00000,0.00000
128.70125,0.99750,1.00000,0.00000,0.00000,0.00000
128.80125,0.99750,1.00000,0.00000,0.00000,0.00000
128.90125,0.99750,1.00000,0.00000,0.00000,0.00000
129.00125,0.99750,1.00000,0.00000,0.00000,0.00000
129.10126,0.99750,1.00000,0.00000,0.00000,0.00000
129.20125,0.99750,1.00000,0.00000,0.00000,0.00000
129.30125,0.99750,0.99999,0.00000,0.00000,0.00001
129.40125,0.99750,0.99995,0.00000,0.00000,0.00005
129.50125,0.99750,0.99884,0.00000,0.00004,0.00111
129.60126,0.99750,0.94932,0.00002,0.00082,0.04984
129.70125,0.99750,0.35461,0.00000,0.00393,0.64146
129.80125,0.99750,0.01698,0.00000,0.00104,0.98198
129.90125,0.99750,0.00780,0.00000,0.00024,0.99196
130.00125,0.99750,0.05481,0.00000,0.00010,0.94510
130.10126,0.99750,0.41636,0.00000,0.00003,0.58361
130.20125,0.99750,0.98634,0.00000,0.00000,0.01366
130.30125,0.99750,0.99989,0.00000,0.00000,0.00011
130.40125,0.99750,1.00000,0.00000,0.00000,0.00000
130.50125,0.99750,1.00000,0.00000,0.00000,0.00000
130.60126,0.99750,1.00000,0.00000,0.00000,0.00000
130.70125,0.99750,1.00000,0.00000,0.00000,0.00000
130.80125,0.99750,1.00000,0.00000,0.00000,0.00000
130.90125,0.99750,1.00000,0.00000,0.00000,0.00000
131.00125,0.99750,1.00000,0.00000,0.00000,0.00000
131.10126,0.99750,1.00000,0.00000,0.00000,0.00000
131.20125,0.99750,1.00000,0.00000,0.00000,0.00000
131.30125,0.99750,1.00000,0.00000,0.00000,0.00000
131.40125,0.99750,0.99996,0.00000,0.00000,0.00004
131.50125,0.99750,0.99435,0.00000,0.00006,0.00559
131.60126,0.99750,0.63663,0.00000,0.00045,0.36291
131.70125,0.99750,0.01264,0.00000,0.00003,0.98734
131.80125,0.99750,0.02217,0.00000,0.00001,0.97782
131.90125,0.99750,0.38293,0.00000,0.00001,0.61706
132.00125,0.99750,0.92212,0.00000,0.00000,0.07788
132.10126,0.99750,0.99957,0.00000,0.00000,0.00043
132.20125,0.99750,1.00000,0.00000,0.00000,0.00000
132.30125,0.99750,1.00000,0.00000,0.00000,0.00000
132.40125,0.99750,1.00000,0.00000,0.00000,0.00000
132.50125,0.99750,1.00000,0.00000,0.00000,0.00000
132.60126,0.99750,1.00000,0.00000,0.00000,0.00000
132.70125,0.99750,1.00000,0.00000,0.00000,0.00000
132.80125,0.99750,1.00000,0.00000,0.00000,0.00000
132.90125,0.99750,1.00000,0.00000,0.00000,0.00000
133.00125,0.99750,1.00000,0.00000,0.00000,0.00000
133.10126,0.99750,1.00000,0.00000,0.00000,0.00000
133.20125,0.99750,1.00000,0.00000,0.00000,0.00000
133.30125,0.99750,1.00000,0.00000,0.00000,0.00000
133.40125,0.99750,1.00000,0.00000,0.00000,0.00000
133.50125,0.99750,1.00000,0.00000,0.00000,0.00000
133.60126,0.99750,1.00000,0.00000,0.00000,0.00000
133.70125,0.99750,1.00000,0.00000,0.00000,0.00000
133.80125,0.99750,0.99991,0.00000,0.00000,0.00009
133.90125,0.99750,0.98498,0.00000,0.00002,0.01500
134.00125,0.99750,0.74727,0.00000,0.00009,0.25265
134.10126,0.99750,0.07934,0.00000,0.00004,0.92061
134.20125,0.99750,0.02122,0.00000,0.00001,0.97877
134.30125,0.99750,0.05142,0.00000,0.00000,0.94857
134.40125,0.99750,0.16869,0.00000,0.00000,0.83131
134.50125,0.99750,0.86455,0.00000,0.00000,0.13545
134.60126,0.99750,0.98997,0.00000,0.00000,0.01003
134.70125,0.99750,0.99048,0.00000,0.00000,0.00952
134.80125,0.99750,0.99838,0.00000,0.00000,0.00162
134.90125,0.99750,0.99999,0.00000,0.00000,0.00001
135.00125,0.99750,1.00000,0.00000,0.00000,0.00000
135.10126,0.99750,1.00000,0.00000,0.00000,0.00000
135.20125,0.99750,1.00000,0.00000,0.00000,0.00000
135.30125,0.99750,1.00000,0.00000,0.00000,0.00000
135.40125,0.99750,1.00000,0.00000,0.00000,0.00000
135.50125,0.99750,1.00000,0.00000,0.00000,0.00000
135.60126,0.99750,1.00000,0.00000,0.00000,0.00000
135.70125,0.99750,1.00000,0.00000,0.00000,0.00000
135.80125,0.99750,1.00000,0.00000,0.00000,0.00000
135.90125,0.99750,1.00000,0.00000,0.00000,0.00000
136.00125,0.99750,0.99999,0.00001,0.00000,0.00001
136.10126,0.99750,0.99948,0.00001,0.00001,0.00049
136.20125,0.99750,0.91274,0.00006,0.00022,0.08698
136.30125,0.99750,0.14107,0.00004,0.00019,0.85870
136.40125,0.99750,0.03961,0.00001,0.00005,0.96033
136.50125,0.99750,0.13910,0.00002,0.00005,0.86083
136.60126,0.99750,0.46260,0.00003,0.00004,0.53733
136.70125,0.99750,0.59959,0.00001,0.00001,0.40039
136.80125,0.99750,0.98846,0.00000,0.00000,0.01153
136.90125,0.99750,0.99993,0.00000,0.00000,0.00007
137.00125,0.99750,1.00000,0.00000,0.00000,0.00000
137.10126,0.99750,1.00000,0.00000,0.00000,0.00000
137.20125,0.99750,1.00000,0.00000,0.00000,0.00000
137.30125,0.99750,1.00000,0.00000,0.00000,0.00000
137.40125,0.99750,1.00000,0.00000,0.00000,0.00000
137.50125,0.99750,1.00000,0.00000,0.00000,0.00000
137.60126,0.99750,1.00000,0.00000,0.00000,0.00000
137.70125,0.99750,1.00000,0.00000,0.00000,0.00000
137.80125,0.99750,1.00000,0.00000,0.00000,0.00000
137.90125,0.99750,1.00000,0.00000,0.00000,0.00000
138.00125,0.99750,1.00000,0.00000,0.00000,0.00000
138.10126,0.99750,1.00000,0.00000,0.00000,0.00000
138.20125,0.99750,0.99994,0.00000,0.00000,0.00005
138.30125,0.99750,0.98579,0.00000,0.00001,0.01420
138.40125,0.99750,0.17516,0.00000,0.00005,0.82479
138.50125,0.99750,0.00465,0.00000,0.00000,0.99535
138.60126,0.99750,0.01100,0.00000,0.00000,0.98900
138.70125,0.99750,0.06470,0.00000,0.00000,0.93530
138.80125,0.99750,0.12506,0.00000,0.00000,0.87494
138.90125,0.99750,0.65068,0.00000,0.00000,0.34932
139.00125,0.99750,0.95957,0.00000,0.00000,0.04043
139.10126,0.99750,0.99645,0.00000,0.00000,0.00355
139.20125,0.99750,0.99998,0.00000,0.00000,0.00002
139.30125,0.99750,1.00000,0.00000,0.00000,0.00000
139.40125,0.99750,1.00000,0.00000,0.00000,0.00000
139.50125,0.99750,1.00000,0.00000,0.00000,0.00000
139.60126,0.99750,1.00000,0.00000,0.00000,0.00000
139.70125,0.99750,1.00000,0.00000,0.00000,0.00000
139.80125,0.99750,1.00000,0.00000,0.00000,0.00000
139.90125,0.99750,1.00000,0.00000,0.00000,0.00000
140.00125,0.99750,1.00000,0.00000,0.00000,0.00000
140.10126,0.99750,1.00000,0.00000,0.00000,0.00000
140.20125,0.99750,1.00000,0.00000,0.00000,0.00000
140.30125,0.99750,0.99999,0.00000,0.00000,0.00001
140.40125,0.99750,0.99833,0.00000,0.00004,0.00163
140.50125,0.99750,0.64694,0.00000,0.00034,0.35271
140.60126,0.99750,0.07569,0.00000,0.00016,0.92415
140.70125,0.99750,0.01324,0.00000,0.00003,0.98673
140.80125,0.99750,0.01898,0.00000,0.00001,0.98101
140.90125,0.99750,0.12038,0.00000,0.00000,0.87962
141.00125,0.99750,0.46661,0.00000,0.00000,0.53339
141.10126,0.99750,0.92514,0.00000,0.00000,0.07486
141.20125,0.99750,0.99952,0.00000,0.00000,0.00048
141.30125,0.99750,0.99995,0.00000,0.00000,0.00005
141.40125,0.99750,1.00000,0.00000,0.00000,0.00000
141.50125,0.99750,1.00000,0.00000,0.00000,0.00000
141.60126,0.99750,1.00000,0.00000,0.00000,0.00000
141.70125,0.99750,1.00000,0.00000,0.00000,0.00000
141.80125,0.99750,1.00000,0.00000,0.00000,0.00000
141.90125,0.99750,1.00000,0.00000,0.00000,0.00000
142.00125,0.99750,1.00000,0.00000,0.00000,0.00000
142.10126,0.99750,1.00000,0.00000,0.00000,0.00000
142.20125,0.99750,1.00000,0.00000,0.00000,0.00000
142.30125,0.99750,1.00000,0.00000,0.00000,0.00000
142.40125,0.99750,1.00000,0.00000,0.00000,0.00000
142.50125,0.99750,0.99996,0.00000,0.00000,0.00004
142.60126,0.99750,0.98926,0.00000,0.00004,0.01069
142.70125,0.99750,0.50858,0.00000,0.00019,0.49123
142.80125,0.99750,0.03857,0.00000,0.00003,0.96140
142.90125,0.99750,0.02121,0.00000,0.00001,0.97878
143.00125,0.99750,0.09019,0.00000,0.00000,0.90981
143.10126,0.99750,0.48611,0.00000,0.00000,0.51389
143.20125,0.99750,0.98582,0.00000,0.00000,0.01418
143.30125,0.99750,0.99663,0.00000,0.00000,0.00337
143.40125,0.99750,0.99989,0.00000,0.00000,0.00011
143.50125,0.99750,0.99999,0.00000,0.00000,0.00001
143.60126,0.99750,1.00000,0.00000,0.00000,0.00000
143.70125,0.99750,1.00000,0.00000,0.00000,0.00000
143.80125,0.99750,1.00000,0.00000,0.00000,0.00000
143.90125,0.99750,1.00000,0.00000,0.00000,0.00000
144.00125,0.99750,1.00000,0.00000,0.00000,0.00000
144.10126,0.99750,1.00000,0.00000,0.00000,0.00000
144.20125,0.99750,1.00000,0.00000,0.00000,0.00000
144.30125,0.99750,1.00000,0.00000,0.00000,0.00000
144.40125,0.99750,1.00000,0.00000,0.00000,0.00000
144.50125,0.99750,1.00000,0.00000,0.00000,0.00000
144.60126,0.99750,1.00000,0.00000,0.00000,0.00000
144.70125,0.99750,0.99963,0.00000,0.00000,0.00037
144.80125,0.99750,0.95810,0.00000,0.00002,0.04188
144.90125,0.99750,0.44818,0.00000,0.00004,0.55178
145.00125,0.99750,0.00792,0.00000,0.00000,0.99207
145.10126,0.99750,0.00398,0.00000,0.00000,0.99602
145.20125,0.99750,0.01580,0.00000,0.00000,0.98420
145.30125,0.99750,0.04196,0.00000,0.00000,0.95804
145.40125,0.99750,0.79383,0.00000,0.00000,0.20617
145.50125,0.99750,0.99609,0.00000,0.00000,0.00391
145.60126,0.99750,0.99760,0.00000,0.00000,0.00240
145.70125,0.99750,1.00000,0.00000,0.00000,0.00000
145.80125,0.99750,1.00000,0.00000,0.00000,0.00000
145.90125,0.99750,1.00000,0.00000,0.00000,0.00000
146.00125,0.99750,1.00000,0.00000,0.00000,0.00000
146.10126,0.99750,1.00000,0.00000,0.00000,0.00000
146.20125,0.99750,1.00000,0.00000,0.00000,0.00000
146.30125,0.99750,1.00000,0.00000,0.00000,0.00000
146.40125,0.99750,1.00000,0.00000,0.00000,0.00000
146.50125,0.99750,1.00000,0.00000,0.00000,0.00000
146.60126,0.99750,1.00000,0.00000,0.00000,0.00000
146.70125,0.99750,1.00000,0.00000,0.00000,0.00000
146.80125,0.99750,0.99986,0.00000,0.00001,0.00013
146.90125,0.99750,0.98452,0.00000,0.00010,0.01539
147.00125,0.99750,0.67693,0.00000,0.00014,0.32293
147.10126,0.99750,0.01787,0.00000,0.00002,0.98211
147.20125,0.99750,0.04054,0.00000,0.00015,0.95931
147.30125,0.99750,0.06311,0.00000,0.00026,0.93663
147.40125,0.99750,0.03454,0.00000,0.00004,0.96542
147.50125,0.99750,0.13092,0.00000,0.00004,0.86904
147.60126,0.99750,0.87928,0.00000,0.00015,0.12057
147.70125,0.99750,0.98848,0.00000,0.00000,0.01151
147.80125,0.99750,0.99685,0.00000,0.00000,0.00315
147.90125,0.99750,0.99972,0.00000,0.00000,0.00028
148.00125,0.99750,0.99950,0.00000,0.00000,0.00050
148.10126,0.99750,0.99964,0.00000,0.00000,0.00036
148.20125,0.99750,0.99997,0.00000,0.00000,0.00003
148.30125,0.99750,0.99999,0.00000,0.00000,0.00001
148.40125,0.99750,1.00000,0.00000,0.00000,0.00000
148.50125,0.99750,1.00000,0.00000,0.00000,0.00000
148.60126,0.99750,1.00000,0.00000,0.00000,0.00000
148.70125,0.99750,0.99996,0.00000,0.00000,0.00003
148.80125,0.99750,0.99980,0.00000,0.00000,0.00020
148.90125,0.99750,0.99934,0.00000,0.00000,0.00065
149.00125,0.99750,0.97706,0.00000,0.00003,0.02290
149.10126,0.99750,0.98887,0.00001,0.00002,0.01111
149.20125,0.99750,0.95371,0.00001,0.00004,0.04624
149.30125,0.99750,0.40373,0.00000,0.00010,0.59616
149.40125,0.99750,0.42062,0.00000,0.00006,0.57932
149.50125,0.99750,0.79287,0.00000,0.00001,0.20712
149.60126,0.99750,0.94519,0.00000,0.00000,0.05481
149.70125,0.99750,0.98718,0.00000,0.00000,0.01282
149.80125,0.99750,0.99621,0.00000,0.00000,0.00379
149.90125,0.99750,0.99968,0.00000,0.00000,0.00032
150.00125,0.99750,1.00000,0.00000,0.00000,0.00000
150.10126,0.99750,1.00000,0.00000,0.00000,0.00000
150.20125,0.99750,1.00000,0.00000,0.00000,0.00000
150.30125,0.99750,1.00000,0.00000,0.00000,0.00000
150.40125,0.99750,1.00000,0.00000,0.00000,0.00000
150.50125,0.99750,1.00000,0.00000,0.00000,0.00000
150.60126,0.99750,1.00000,0.00000,0.00000,0.00000
150.70125,0.99750,1.00000,0.00000,0.00000,0.00000
150.80125,0.99750,1.00000,0.00000,0.00000,0.00000
150.90125,0.99750,1.00000,0.00000,0.00000,0.00000
151.00125,0.99750,0.99999,0.00000,0.00000,0.00001
151.10126,0.99750,0.99933,0.00000,0.00006,0.00061
151.20125,0.99750,0.93870,0.00000,0.00100,0.06030
151.30125,0.99750,0.04793,0.00000,0.00052,0.95155
151.40125,0.99750,0.02436,0.00000,0.00023,0.97541
151.50125,0.99750,0.03661,0.00000,0.00029,0.96309
151.60126,0.99750,0.11028,0.00000,0.00017,0.88955
151.70125,0.99750,0.12579,0.00000,0.00002,0.87419
151.80125,0.99750,0.56160,0.00000,0.00001,0.43839
151.90125,0.99750,0.98417,0.00000,0.00001,0.01583
152.00125,0.99750,0.99436,0.00000,0.00000,0.00564
152.10126,0.99750,0.99951,0.00000,0.00000,0.00049
152.20125,0.99750,0.99999,0.00000,0.00000,0.00001
152.30125,0.99750,0.99998,0.00000,0.00000,0.00002
152.40125,0.99750,0.99999,0.00000,0.00000,0.00001
152.50125,0.99750,0.99999,0.00000,0.00000,0.00001
152.60126,0.99750,1.00000,0.00000,0.00000,0.00000
152.70125,0.99750,1.00000,0.00000,0.00000,0.00000
152.80125,0.99750,0.99999,0.00000,0.00000,0.00001
152.90125,0.99750,0.99994,0.00000,0.00000,0.00006
153.00125,0.99750,0.99908,0.00000,0.00000,0.00091
153.10126,0.99750,0.99607,0.00000,0.00003,0.00390
153.20125,0.99750,0.82453,0.00002,0.00029,0.17516
153.30125,0.99750,0.16761,0.00002,0.00015,0.83223
153.40125,0.99750,0.04934,0.00001,0.00010,0.95056
153.50125,0.99750,0.07829,0.00001,0.00020,0.92150
153.60126,0.99750,0.30783,0.00001,0.00032,0.69184
153.70125,0.99750,0.42297,0.00001,0.00008,0.57695
153.80125,0.99750,0.89408,0.00000,0.00001,0.10590
153.90125,0.99750,0.99910,0.00000,0.00001,0.00089
154.00125,0.99750,0.99950,0.00000,0.00000,0.00050
154.10126,0.99750,0.99994,0.00000,0.00000,0.00006
154.20125,0.99750,1.00000,0.00000,0.00000,0.00000
154.30125,0.99750,1.00000,0.00000,0.00000,0.00000
154.40125,0.99750,1.00000,0.00000,0.00000,0.00000
154.50125,0.99750,1.00000,0.00000,0.00000,0.00000
154.60126,0.99750,1.00000,0.00000,0.00000,0.00000
154.70125,0.99750,1.00000,0.00000,0.00000,0.00000
154.80125,0.99750,1.00000,0.00000,0.00000,0.00000
154.90125,0.99750,1.00000,0.00000,0.00000,0.00000
155.00125,0.99750,0.99998,0.00000,0.00000,0.00002
155.10126,0.99750,0.99920,0.00000,0.00000,0.00079
155.20125,0.99750,0.93684,0.00000,0.00006,0.06310
155.30125,0.99750,0.23710,0.00000,0.00012,0.76278
155.40125,0.99750,0.00572,0.00000,0.00003,0.99426
155.50125,0.99750,0.00749,0.00000,0.00003,0.99248
155.60126,0.99750,0.00483,0.00000,0.00001,0.99516
155.70125,0.99750,0.01679,0.00000,0.00000,0.98321
155.80125,0.99750,0.03675,0.00000,0.00000,0.96324
155.90125,0.99750,0.43735,0.00000,0.00000,0.56265
156.00125,0.99750,0.67362,0.00000,0.00000,0.32637
156.10126,0.99750,0.95006,0.00000,0.00000,0.04994
156.20125,0.99750,0.99907,0.00000,0.00000,0.00093
156.30125,0.99750,1.00000,0.00000,0.00000,0.00000
156.40125,0.99750,1.00000,0.00000,0.00000,0.00000
156.50125,0.99750,1.00000,0.00000,0.00000,0.00000
156.60126,0.99750,1.00000,0.00000,0.00000,0.00000
156.70125,0.99750,1.00000,0.00000,0.00000,0.00000
156.80125,0.99750,1.00000,0.00000,0.00000,0.00000
156.90125,0.99750,1.00000,0.00000,0.00000,0.00000
157.00125,0.99750,1.00000,0.00000,0.00000,0.00000
157.10126,0.99750,1.00000,0.00000,0.00000,0.00000
157.20125,0.99750,1.00000,0.00000,0.00000,0.00000
157.30125,0.99750,1.00000,0.00000,0.00000,0.00000
157.40125,0.99750,0.99992,0.00000,0.00000,0.00008
157.50125,0.99750,0.98416,0.00000,0.00001,0.01582
157.60126,0.99750,0.44774,0.00001,0.00003,0.55223
157.70125,0.99750,0.01434,0.00000,0.00000,0.98566
157.80125,0.99750,0.02287,0.00000,0.00000,0.97713
157.90125,0.99750,0.06910,0.00000,0.00000,0.93090
158.00125,0.99750,0.25109,0.00000,0.00000,0.74891
158.10126,0.99750,0.76105,0.00000,0.00000,0.23895
158.20125,0.99750,0.96383,0.00000,0.00000,0.03617
158.30125,0.99750,0.99754,0.00000,0.00000,0.00246
158.40125,0.99750,0.99995,0.00000,0.00000,0.00005
158.50125,0.99750,0.99999,0.00000,0.00000,0.00001
158.60126,0.99750,1.00000,0.00000,0.00000,0.00000
158.70125,0.99750,1.00000,0.00000,0.00000,0.00000
158.80125,0.99750,1.00000,0.00000,0.00000,0.00000
158.90125,0.99750,1.00000,0.00000,0.00000,0.00000
159.00125,0.99750,1.00000,0.00000,0.00000,0.00000
159.10126,0.99750,1.00000,0.00000,0.00000,0.00000
159.20125,0.99750,1.00000,0.00000,0.00000,0.00000
159.30125,0.99750,1.00000,0.00000,0.00000,0.00000
159.40125,0.99750,0.99997,0.00000,0.00000,0.00003
159.50125,0.99750,0.99740,0.00000,0.00001,0.00259
159.60126,0.99750,0.63562,0.00000,0.00003,0.36435
159.70125,0.99750,0.03525,0.00000,0.00000,0.96475
159.80125,0.99750,0.02368,0.00000,0.00000,0.97631
159.90125,0.99750,0.12640,0.00000,0.00000,0.87360
160.00125,0.99750,0.34517,0.00000,0.00000,0.65483
160.10126,0.99750,0.89161,0.00000,0.00000,0.10839
160.20125,0.99750,0.99930,0.00000,0.00000,0.00070
160.30125,0.99750,1.00000,0.00000,0.00000,0.00000
160.40125,0.99750,1.00000,0.00000,0.00000,0.00000
160.50125,0.99750,1.00000,0.00000,0.00000,0.00000
160.60126,0.99750,1.00000,0.00000,0.00000,0.00000
160.70125,0.99750,1.00000,0.00000,0.00000,0.00000
160.80125,0.99750,1.00000,0.00000,0.00000,0.00000
160.90125,0.99750,1.00000,0.00000,0.00000,0.00000
161.00125,0.99750,1.00000,0.00000,0.00000,0.00000
161.10126,0.99750,1.00000,0.00000,0.00000,0.00000
161.20125,0.99750,1.00000,0.00000,0.00000,0.00000
161.30125,0.99750,1.00000,0.00000,0.00000,0.00000
161.40125,0.99750,1.00000,0.00000,0.00000,0.00000
161.50125,0.99750,0.99999,0.00000,0.00000,0.00001
161.60126,0.99750,0.99954,0.00000,0.00000,0.00045
161.70125,0.99750,0.93940,0.00000,0.00004,0.06056
161.80125,0.99750,0.17295,0.00000,0.00009,0.82696
161.90125,0.99750,0.00538,0.00000,0.00001,0.99461
162.00125,0.99750,0.01608,0.00000,0.00000,0.98392
162.10126,0.99750,0.05992,0.00000,0.00000,0.94008
162.20125,0.99750,0.14192,0.00000,0.00000,0.85808
162.30125,0.99750,0.65155,0.00000,0.00000,0.34845
162.40125,0.99750,0.98545,0.00000,0.00000,0.01455
162.50125,0.99750,0.99991,0.00000,0.00000,0.00009
162.60126,0.99750,1.00000,0.00000,0.00000,0.00000
162.70125,0.99750,1.00000,0.00000,0.00000,0.00000
162.80125,0.99750,1.00000,0.00000,0.00000,0.00000
162.90125,0.99750,1.00000,0.00000,0.00000,0.00000
163.00125,0.99750,1.00000,0.00000,0.00000,0.00000
163.10126,0.99750,1.00000,0.00000,0.00000,0.00000
163.20125,0.99750,1.00000,0.00000,0.00000,0.00000
163.30125,0.99750,1.00000,0.00000,0.00000,0.00000
163.40125,0.99750,1.00000,0.00000,0.00000,0.00000
163.50125,0.99750,1.00000,0.00000,0.00000,0.00000
163.60126,0.99750,1.00000,0.00000,0.00000,0.00000
163.70125,0.99750,1.00000,0.00000,0.00000,0.00000
163.80125,0.99750,1.00000,0.00000,0.00000,0.00000
163.90125,0.99750,0.99996,0.00000,0.00000,0.00003
164.00125,0.99750,0.98227,0.00000,0.00002,0.01771
164.10126,0.99750,0.41222,0.00000,0.00005,0.58773
164.20125,0.99750,0.01861,0.00000,0.00000,0.98138
164.30125,0.99750,0.02190,0.00000,0.00000,0.97810
164.40125,0.99750,0.14734,0.00000,0.00000,0.85266
164.50125,0.99750,0.37974,0.00000,0.00000,0.62026
164.60126,0.99750,0.96804,0.00000,0.00000,0.03196
164.70125,0.99750,0.99920,0.00000,0.00000,0.00080
164.80125,0.99750,0.99995,0.00000,0.00000,0.00005
164.90125,0.99750,1.00000,0.00000,0.00000,0.00000
165.00125,0.99750,1.00000,0.00000,0.00000,0.00000
165.10126,0.99750,1.00000,0.00000,0.00000,0.00000
165.20125,0.99750,1.00000,0.00000,0.00000,0.00000
165.30125,0.99750,1.00000,0.00000,0.00000,0.00000
165.40125,0.99750,1.00000,0.00000,0.00000,0.00000
165.50125,0.99750,1.00000,0.00000,0.00000,0.00000
165.60126,0.99750,1.00000,0.00000,0.00000,0.00000
165.70125,0.99750,1.00000,0.00000,0.00000,0.00000
165.80125,0.99750,1.00000,0.00000,0.00000,0.00000
165.90125,0.99750,1.00000,0.00000,0.00000,0.00000
166.00125,0.99750,1.00000,0.00000,0.00000,0.00000
166.10126,0.99750,1.00000,0.00000,0.00000,0.00000
166.20125,0.99750,0.99956,0.00000,0.00000,0.00044
166.30125,0.99750,0.90643,0.00000,0.00001,0.09356
166.40125,0.99750,0.13837,0.00000,0.00001,0.86162
166.50125,0.99750,0.01530,0.00000,0.00000,0.98470
166.60126,0.99750,0.04303,0.00000,0.00000,0.95697
166.70125,0.99750,0.13534,0.00000,0.00000,0.86466
166.80125,0.99750,0.41563,0.00000,0.00000,0.58437
166.90125,0.99750,0.86461,0.00000,0.00000,0.13539
167.00125,0.99750,0.99985,0.00000,0.00000,0.00015
167.10126,0.99750,0.99998,0.00000,0.00000,0.00002
167.20125,0.99750,1.00000,0.00000,0.00000,0.00000
167.30125,0.99750,1.00000,0.00000,0.00000,0.00000
167.40125,0.99750,1.00000,0.00000,0.00000,0.00000
167.50125,0.99750,1.00000,0.00000,0.00000,0.00000
167.60126,0.99750,1.00000,0.00000,0.00000,0.00000
167.70125,0.99750,1.00000,0.00000,0.00000,0.00000
167.80125,0.99750,1.00000,0.00000,0.00000,0.00000
167.90125,0.99750,1.00000,0.00000,0.00000,0.00000
168.00125,0.99750,1.00000,0.00000,0.00000,0.00000
168.10126,0.99750,1.00000,0.00000,0.00000,0.00000
168.20125,0.99750,1.00000,0.00000,0.00000,0.00000
168.30125,0.99750,1.00000,0.00000,0.00000,0.00000
168.40125,0.99750,1.00000,0.00000,0.00000,0.00000
168.50125,0.99750,1.00000,0.00000,0.00000,0.00000
168.60126,0.99750,1.00000,0.00000,0.00000,0.00000
168.70125,0.99750,1.00000,0.00000,0.00000,0.00000
168.80125,0.99750,1.00000,0.00000,0.00000,0.00000
168.90125,0.99750,1.00000,0.00000,0.00000,0.00000
169.00125,0.99750,1.00000,0.00000,0.00000,0.00000
169.10126,0.99750,1.00000,0.00000,0.00000,0.00000
169.20125,0.99750,1.00000,0.00000,0.00000,0.00000
169.30125,0.99750,1.00000,0.00000,0.00000,0.00000
169.40125,0.99750,1.00000,0.00000,0.00000,0.00000
169.50125,0.99750,1.00000,0.00000,0.00000,0.00000
169.60126,0.99750,1.00000,0.00000,0.00000,0.00000
169.70125,0.99750,1.00000,0.00000,0.00000,0.00000
169.80125,0.99750,1.00000,0.00000,0.00000,0.00000
169.90125,0.99750,1.00000,0.00000,0.00000,0.00000
170.00125,0.99750,1.00000,0.00000,0.00000,0.00000
170.10126,0.99750,1.00000,0.00000,0.00000,0.00000
170.20125,0.99750,1.00000,0.00000,0.00000,0.00000
170.30125,0.99750,1.00000,0.00000,0.00000,0.00000
170.40125,0.99750,1.00000,0.00000,0.00000,0.00000
170.50125,0.99750,1.00000,0.00000,0.00000,0.00000
170.60126,0.99750,1.00000,0.00000,0.00000,0.00000
170.70125,0.99750,1.00000,0.00000,0.00000,0.00000
170.80125,0.99750,1.00000,0.00000,0.00000,0.00000
170.90125,0.99750,1.00000,0.00000,0.00000,0.00000
171.00125,0.99750,0.99999,0.00000,0.00000,0.00001
171.10126,0.99750,0.99941,0.00000,0.00000,0.00058
171.20125,0.99750,0.98366,0.00000,0.00000,0.01634
171.30125,0.99750,0.83047,0.00000,0.00000,0.16953
171.40125,0.99750,0.32875,0.00000,0.00004,0.67121
171.50125,0.99750,0.01226,0.00000,0.00001,0.98773
171.60126,0.99750,0.00659,0.00000,0.00000,0.99341
171.70125,0.99750,0.01497,0.00000,0.00000,0.98502
171.80125,0.99750,0.03988,0.00000,0.00000,0.96012
171.90125,0.99750,0.09212,0.00000,0.00000,0.90788
172.00125,0.99750,0.58730,0.00000,0.00000,0.41270
172.10126,0.99750,0.91850,0.00000,0.00000,0.08150
172.20125,0.99750,0.97872,0.00000,0.00000,0.02128
172.30125,0.99750,0.99925,0.00000,0.00000,0.00075
172.40125,0.99750,0.99991,0.00000,0.00000,0.00009
172.50125,0.99750,0.99998,0.00000,0.00000,0.00002
172.60126,0.99750,1.00000,0.00000,0.00000,0.00000
172.70125,0.99750,1.00000,0.00000,0.00000,0.00000
172.80125,0.99750,1.00000,0.00000,0.00000,0.00000
172.90125,0.99750,1.00000,0.00000,0.00000,0.00000
173.00125,0.99750,1.00000,0.00000,0.00000,0.00000
173.10126,0.99750,1.00000,0.00000,0.00000,0.00000
173.20125,0.99750,1.00000,0.00000,0.00000,0.00000
173.30125,0.99750,1.00000,0.00000,0.00000,0.00000
173.40125,0.99750,1.00000,0.00000,0.00000,0.00000
173.50125,0.99750,0.99994,0.00000,0.00000,0.00006
173.60126,0.99750,0.99618,0.00000,0.00000,0.00382
173.70125,0.99750,0.80907,0.00001,0.00003,0.19089
173.80125,0.99750,0.18296,0.00000,0.00004,0.81700
173.90125,0.99750,0.00493,0.00000,0.00001,0.99507
174.00125,0.99750,0.00652,0.00000,0.00000,0.99347
174.10126,0.99750,0.01507,0.00000,0.00000,0.98493
174.20125,0.99750,0.04164,0.00000,0.00000,0.95836
174.30125,0.99750,0.15789,0.00000,0.00000,0.84211
174.40125,0.99750,0.28776,0.00000,0.00000,0.71224
174.50125,0.99750,0.83142,0.00000,0.00000,0.16858
174.60126,0.99750,0.98370,0.00000,0.00000,0.01630
174.70125,0.99750,0.99983,0.00000,0.00000,0.00017
174.80125,0.99750,1.00000,0.00000,0.00000,0.00000
174.90125,0.99750,1.00000,0.00000,0.00000,0.00000
175.00125,0.99750,1.00000,0.00000,0.00000,0.00000
175.10126,0.99750,1.00000,0.00000,0.00000,0.00000
175.20125,0.99750,1.00000,0.00000,0.00000,0.00000
175.30125,0.99750,1.00000,0.00000,0.00000,0.00000
175.40125,0.99750,1.00000,0.00000,0.00000,0.00000
175.50125,0.99750,1.00000,0.00000,0.00000,0.00000
175.60126,0.99750,1.00000,0.00000,0.00000,0.00000
175.70125,0.99750,1.00000,0.00000,0.00000,0.00000
175.80125,0.99750,1.00000,0.00000,0.00000,0.00000
175.90125,0.99750,0.99998,0.00000,0.00000,0.00002
176.00125,0.99750,0.99533,0.00000,0.00001,0.00466
176.10126,0.99750,0.67859,0.00000,0.00006,0.32136
176.20125,0.99750,0.01060,0.00000,0.00000,0.98940
176.30125,0.99750,0.00516,0.00000,0.00000,0.99484
176.40125,0.99750,0.03197,0.00000,0.00000,0.96803
176.50125,0.99750,0.08942,0.00000,0.00000,0.91058
176.60126,0.99750,0.75426,0.00000,0.00000,0.24574
176.70125,0.99750,0.99890,0.00000,0.00000,0.00110
176.80125,0.99750,0.99999,0.00000,0.00000,0.00001
176.90125,0.99750,1.00000,0.00000,0.00000,0.00000
177.00125,0.99750,1.00000,0.00000,0.00000,0.00000
177.10126,0.99750,1.00000,0.00000,0.00000,0.00000
177.20125,0.99750,1.00000,0.00000,0.00000,0.00000
177.30125,0.99750,1.00000,0.00000,0.00000,0.00000
177.40125,0.99750,1.00000,0.00000,0.00000,0.00000
177.50125,0.99750,1.00000,0.00000,0.00000,0.00000
177.60126,0.99750,1.00000,0.00000,0.00000,0.00000
177.70125,0.99750,1.00000,0.00000,0.00000,0.00000
177.80125,0.99750,1.00000,0.00000,0.00000,0.00000
177.90125,0.99750,1.00000,0.00000,0.00000,0.00000
178.00125,0.99750,1.00000,0.00000,0.00000,0.00000
178.10126,0.99750,1.00000,0.00000,0.00000,0.00000
178.20125,0.99750,1.00000,0.00000,0.00000,0.00000
178.30125,0.99750,1.00000,0.00000,0.00000,0.00000
178.40125,0.99750,1.00000,0.00000,0.00000,0.00000
178.50125,0.99750,1.00000,0.00000,0.00000,0.00000
178.60126,0.99750,0.99993,0.00000,0.00000,0.00007
178.70125,0.99750,0.99381,0.00000,0.00001,0.00617
178.80125,0.99750,0.42763,0.00000,0.00010,0.57227
178.90125,0.99750,0.01028,0.00000,0.00001,0.98971
179.00125,0.99750,0.01724,0.00000,0.00001,0.98275
179.10126,0.99750,0.07184,0.00000,0.00000,0.92816
179.20125,0.99750,0.42047,0.00000,0.00000,0.57953
179.30125,0.99750,0.99348,0.00000,0.00000,0.00652
179.40125,0.99750,0.99989,0.00000,0.00000,0.00011
179.50125,0.99750,1.00000,0.00000,0.00000,0.00000
179.60126,0.99750,1.00000,0.00000,0.00000,0.00000
179.70125,0.99750,1.00000,0.00000,0.00000,0.00000
179.80125,0.99750,1.00000,0.00000,0.00000,0.00000
179.90125,0.99750,1.00000,0.00000,0.00000,0.00000
180.00125,0.99750,1.00000,0.00000,0.00000,0.00000
180.10126,0.99750,1.00000,0.00000,0.00000,0.00000
180.20125,0.99750,1.00000,0.00000,0.00000,0.00000
180.30125,0.99750,1.00000,0.00000,0.00000,0.00000
180.40125,0.99750,1.00000,0.00000,0.00000,0.00000
180.50125,0.99750,1.00000,0.00000,0.00000,0.00000
180.60126,0.99750,1.00000,0.00000,0.00000,0.00000
180.70125,0.99750,1.00000,0.00000,0.00000,0.00000
180.80125,0.99750,1.00000,0.00000,0.00000,0.00000
180.90125,0.99750,1.00000,0.00000,0.00000,0.00000
181.00125,0.99750,0.99991,0.00000,0.00000,0.00008
181.10126,0.99750,0.97983,0.00000,0.00002,0.02014
181.20125,0.99750,0.52714,0.00000,0.00012,0.47274
181.30125,0.99750,0.00540,0.00000,0.00001,0.99459
181.40125,0.99750,0.01073,0.00000,0.00001,0.98926
181.50125,0.99750,0.03331,0.00000,0.00000,0.96669
181.60126,0.99750,0.09546,0.00000,0.00000,0.90454
181.70125,0.99750,0.36931,0.00000,0.00000,0.63069
181.80125,0.99750,0.68793,0.00000,0.00000,0.31207
181.90125,0.99750,0.99592,0.00000,0.00000,0.00408
182.00125,0.99750,0.98637,0.00000,0.00000,0.01363
182.10126,0.99750,0.98719,0.00000,0.00000,0.01281
182.20125,0.99750,0.99971,0.00000,0.00000,0.00029
182.30125,0.99750,0.99981,0.00000,0.00000,0.00019
182.40125,0.99750,0.99998,0.00000,0.00000,0.00002
182.50125,0.99750,0.99995,0.00000,0.00000,0.00005
182.60126,0.99750,1.00000,0.00000,0.00000,0.00000
182.70125,0.99750,1.00000,0.00000,0.00000,0.00000
