Time (seconds), Duration (seconds),pred_(unlabeled),pred_Jab_R,pred_Sidehook_R,pred_Uppercut_R
0.00125,0.99750,1.00000,0.00000,0.00000,0.00000
0.10125,0.99750,1.00000,0.00000,0.00000,0.00000
0.20125,0.99750,1.00000,0.00000,0.00000,0.00000
0.30125,0.99750,1.00000,0.00000,0.00000,0.00000
0.40125,0.99750,1.00000,0.00000,0.00000,0.00000
0.50125,0.99750,1.00000,0.00000,0.00000,0.00000
0.60125,0.99750,1.00000,0.00000,0.00000,0.00000
0.70125,0.99750,1.00000,0.00000,0.00000,0.00000
0.80125,0.99750,1.00000,0.00000,0.00000,0.00000
0.90125,0.99750,1.00000,0.00000,0.00000,0.00000
1.00125,0.99750,1.00000,0.00000,0.00000,0.00000
1.10125,0.99750,1.00000,0.00000,0.00000,0.00000
1.20125,0.99750,1.00000,0.00000,0.00000,0.00000
1.30125,0.99750,1.00000,0.00000,0.00000,0.00000
1.40125,0.99750,1.00000,0.00000,0.00000,0.00000
1.50125,0.99750,1.00000,0.00000,0.00000,0.00000
1.60125,0.99750,1.00000,0.00000,0.00000,0.00000
1.70125,0.99750,0.99998,0.00000,0.00001,0.00001
1.80125,0.99750,0.99990,0.00000,0.00003,0.00007
1.90125,0.99750,0.99804,0.00000,0.00019,0.00176
2.00125,0.99750,0.97600,0.00000,0.00031,0.02368
2.10125,0.99750,0.44005,0.00000,0.00027,0.55968
2.20125,0.99750,0.12479,0.00000,0.00005,0.87516
2.30125,0.99750,0.54178,0.00000,0.00002,0.45819
2.40125,0.99750,0.85482,0.00000,0.00001,0.14517
2.50125,0.99750,0.95250,0.00000,0.00000,0.04749
2.60125,0.99750,0.99881,0.00000,0.00000,0.00119
2.70125,0.99750,0.99943,0.00000,0.00000,0.00057
2.80125,0.99750,1.00000,0.00000,0.00000,0.00000
2.90125,0.99750,1.00000,0.00000,0.00000,0.00000
3.00125,0.99750,1.00000,0.00000,0.00000,0.00000
3.10125,0.99750,1.00000,0.00000,0.00000,0.00000
3.20125,0.99750,1.00000,0.00000,0.00000,0.00000
3.30125,0.99750,1.00000,0.00000,0.00000,0.00000
3.40125,0.99750,1.00000,0.00000,0.00000,0.00000
3.50125,0.99750,1.00000,0.00000,0.00000,0.00000
3.60125,0.99750,1.00000,0.00000,0.00000,0.00000
3.70125,0.99750,1.00000,0.00000,0.00000,0.00000
3.80125,0.99750,1.00000,0.00000,0.00000,0.00000
3.90125,0.99750,1.00000,0.00000,0.00000,0.00000
4.00125,0.99750,1.00000,0.00000,0.00000,0.00000
4.10125,0.99750,0.99993,0.00000,0.00003,0.00004
4.20125,0.99750,0.98915,0.00000,0.00034,0.01050
4.30125,0.99750,0.51636,0.00000,0.00146,0.48218
4.40125,0.99750,0.04031,0.00000,0.00020,0.95948
4.50125,0.99750,0.05278,0.00000,0.00006,0.94716
4.60125,0.99750,0.39235,0.00000,0.00002,0.60763
4.70125,0.99750,0.57448,0.00000,0.00000,0.42552
4.80125,0.99750,0.97496,0.00000,0.00000,0.02504
4.90125,0.99750,0.99996,0.00000,0.00000,0.00004
5.00125,0.99750,1.00000,0.00000,0.00000,0.00000
5.10125,0.99750,1.00000,0.00000,0.00000,0.00000
5.20125,0.99750,1.00000,0.00000,0.00000,0.00000
5.30125,0.99750,1.00000,0.00000,0.00000,0.00000
5.40125,0.99750,1.00000,0.00000,0.00000,0.00000
5.50125,0.99750,1.00000,0.00000,0.00000,0.00000
5.60125,0.99750,1.00000,0.00000,0.00000,0.00000
5.70125,0.99750,1.00000,0.00000,0.00000,0.00000
5.80125,0.99750,1.00000,0.00000,0.00000,0.00000
5.90125,0.99750,1.00000,0.00000,0.00000,0.00000
6.00125,0.99750,1.00000,0.00000,0.00000,0.00000
6.10125,0.99750,1.00000,0.00000,0.00000,0.00000
6.20125,0.99750,1.00000,0.00000,0.00000,0.00000
6.30125,0.99750,1.00000,0.00000,0.00000,0.00000
6.40125,0.99750,0.99994,0.00000,0.00004,0.00002
6.50125,0.99750,0.99079,0.00000,0.00040,0.00881
6.60125,0.99750,0.43656,0.00000,0.00170,0.56174
6.70125,0.99750,0.02440,0.00000,0.00015,0.97545
6.80125,0.99750,0.05331,0.00000,0.00007,0.94662
6.90125,0.99750,0.22084,0.00000,0.00002,0.77913
7.00125,0.99750,0.58922,0.00000,0.00000,0.41078
7.10125,0.99750,0.89161,0.00000,0.00000,0.10838
7.20125,0.99750,0.98508,0.00000,0.00000,0.01492
7.30125,0.99750,0.99851,0.00000,0.00000,0.00149
7.40125,0.99750,0.99999,0.00000,0.00000,0.00001
7.50125,0.99750,1.00000,0.00000,0.00000,0.00000
7.60125,0.99750,1.00000,0.00000,0.00000,0.00000
7.70125,0.99750,1.00000,0.00000,0.00000,0.00000
7.80125,0.99750,1.00000,0.00000,0.00000,0.00000
7.90125,0.99750,1.00000,0.00000,0.00000,0.00000
8.00125,0.99750,1.00000,0.00000,0.00000,0.00000
8.10125,0.99750,1.00000,0.00000,0.00000,0.00000
8.20125,0.99750,1.00000,0.00000,0.00000,0.00000
8.30125,0.99750,1.00000,0.00000,0.00000,0.00000
8.40125,0.99750,1.00000,0.00000,0.00000,0.00000
8.50125,0.99750,1.00000,0.00000,0.00000,0.00000
8.60125,0.99750,1.00000,0.00000,0.00000,0.00000
8.70125,0.99750,1.00000,0.00000,0.00000,0.00000
8.80125,0.99750,0.99999,0.00000,0.00000,0.00001
8.90125,0.99750,0.98899,0.00001,0.00006,0.01095
9.00125,0.99750,0.51390,0.00000,0.00018,0.48591
9.10125,0.99750,0.01790,0.00000,0.00001,0.98208
9.20125,0.99750,0.01521,0.00000,0.00000,0.98479
9.30125,0.99750,0.04197,0.00000,0.00000,0.95803
9.40125,0.99750,0.04653,0.00000,0.00000,0.95347
9.50125,0.99750,0.24874,0.00000,0.00000,0.75126
9.60125,0.99750,0.98979,0.00000,0.00000,0.01020
9.70125,0.99750,0.99968,0.00000,0.00000,0.00032
9.80125,0.99750,0.99990,0.00000,0.00000,0.00010
9.90125,0.99750,0.99999,0.00000,0.00000,0.00001
10.00125,0.99750,1.00000,0.00000,0.00000,0.00000
10.10125,0.99750,0.99999,0.00000,0.00000,0.00001
10.20125,0.99750,1.00000,0.00000,0.00000,0.00000
10.30125,0.99750,1.00000,0.00000,0.00000,0.00000
10.40125,0.99750,1.00000,0.00000,0.00000,0.00000
10.50125,0.99750,0.99999,0.00000,0.00000,0.00001
10.60125,0.99750,0.99953,0.00000,0.00001,0.00047
10.70125,0.99750,0.99478,0.00000,0.00009,0.00513
10.80125,0.99750,0.91873,0.00000,0.00038,0.08089
10.90125,0.99750,0.06901,0.00000,0.00008,0.93091
11.00125,0.99750,0.01605,0.00000,0.00002,0.98393
11.10125,0.99750,0.01903,0.00000,0.00002,0.98095
11.20125,0.99750,0.04515,0.00000,0.00002,0.95483
11.30125,0.99750,0.08014,0.00000,0.00001,0.91986
11.40125,0.99750,0.29045,0.00000,0.00000,0.70954
11.50125,0.99750,0.96838,0.00000,0.00000,0.03161
11.60125,0.99750,0.99989,0.00000,0.00000,0.00011
11.70125,0.99750,0.99999,0.00000,0.00000,0.00001
11.80125,0.99750,1.00000,0.00000,0.00000,0.00000
11.90125,0.99750,1.00000,0.00000,0.00000,0.00000
12.00125,0.99750,1.00000,0.00000,0.00000,0.00000
12.10125,0.99750,1.00000,0.00000,0.00000,0.00000
12.20125,0.99750,1.00000,0.00000,0.00000,0.00000
12.30125,0.99750,1.00000,0.00000,0.00000,0.00000
12.40125,0.99750,1.00000,0.00000,0.00000,0.00000
12.50125,0.99750,1.00000,0.00000,0.00000,0.00000
12.60125,0.99750,0.99997,0.00000,0.00000,0.00003
12.70125,0.99750,0.99922,0.00000,0.00003,0.00075
12.80125,0.99750,0.95154,0.00000,0.00033,0.04813
12.90125,0.99750,0.13004,0.00000,0.00036,0.86960
13.00125,0.99750,0.00877,0.00000,0.00002,0.99121
13.10125,0.99750,0.03409,0.00000,0.00001,0.96590
13.20125,0.99750,0.08120,0.00000,0.00000,0.91880
13.30125,0.99750,0.33466,0.00000,0.00000,0.66534
13.40125,0.99750,0.93705,0.00000,0.00000,0.06295
13.50125,0.99750,0.99903,0.00000,0.00000,0.00097
13.60125,0.99750,0.99999,0.00000,0.00000,0.00001
13.70125,0.99750,1.00000,0.00000,0.00000,0.00000
13.80125,0.99750,1.00000,0.00000,0.00000,0.00000
13.90125,0.99750,1.00000,0.00000,0.00000,0.00000
14.00125,0.99750,1.00000,0.00000,0.00000,0.00000
14.10125,0.99750,1.00000,0.00000,0.00000,0.00000
14.20125,0.99750,1.00000,0.00000,0.00000,0.00000
14.30125,0.99750,1.00000,0.00000,0.00000,0.00000
14.40125,0.99750,1.00000,0.00000,0.00000,0.00000
14.50125,0.99750,1.00000,0.00000,0.00000,0.00000
14.60125,0.99750,1.00000,0.00000,0.00000,0.00000
14.70125,0.99750,0.99996,0.00000,0.00000,0.00004
14.80125,0.99750,0.99753,0.00000,0.00004,0.00243
14.90125,0.99750,0.79970,0.00000,0.00055,0.19974
15.00125,0.99750,0.00814,0.00000,0.00011,0.99175
15.10125,0.99750,0.00324,0.00000,0.00003,0.99673
15.20125,0.99750,0.01174,0.00000,0.00001,0.98825
15.30125,0.99750,0.02372,0.00000,0.00000,0.97628
15.40125,0.99750,0.48942,0.00000,0.00000,0.51057
15.50125,0.99750,0.96095,0.00000,0.00000,0.03905
15.60125,0.99750,0.99827,0.00000,0.00000,0.00173
15.70125,0.99750,0.99997,0.00000,0.00000,0.00003
15.80125,0.99750,1.00000,0.00000,0.00000,0.00000
15.90125,0.99750,1.00000,0.00000,0.00000,0.00000
16.00125,0.99750,1.00000,0.00000,0.00000,0.00000
16.10125,0.99750,1.00000,0.00000,0.00000,0.00000
16.20125,0.99750,1.00000,0.00000,0.00000,0.00000
16.30125,0.99750,1.00000,0.00000,0.00000,0.00000
16.40125,0.99750,1.00000,0.00000,0.00000,0.00000
16.50125,0.99750,1.00000,0.00000,0.00000,0.00000
16.60125,0.99750,1.00000,0.00000,0.00000,0.00000
16.70125,0.99750,1.00000,0.00000,0.00000,0.00000
16.80125,0.99750,0.99999,0.00000,0.00000,0.00001
16.90125,0.99750,0.99765,0.00000,0.00002,0.00232
17.00125,0.99750,0.76370,0.00000,0.00017,0.23613
17.10125,0.99750,0.05964,0.00000,0.00007,0.94029
17.20125,0.99750,0.04469,0.00000,0.00003,0.95528
17.30125,0.99750,0.10646,0.00000,0.00001,0.89354
17.40125,0.99750,0.58307,0.00000,0.00000,0.41692
17.50125,0.99750,0.95249,0.00000,0.00000,0.04751
17.60125,0.99750,0.99707,0.00000,0.00000,0.00293
17.70125,0.99750,0.99998,0.00000,0.00000,0.00002
17.80125,0.99750,1.00000,0.00000,0.00000,0.00000
17.90125,0.99750,1.00000,0.00000,0.00000,0.00000
18.00125,0.99750,1.00000,0.00000,0.00000,0.00000
18.10125,0.99750,1.00000,0.00000,0.00000,0.00000
18.20125,0.99750,1.00000,0.00000,0.00000,0.00000
18.30125,0.99750,1.00000,0.00000,0.00000,0.00000
18.40125,0.99750,1.00000,0.00000,0.00000,0.00000
18.50125,0.99750,1.00000,0.00000,0.00000,0.00000
18.60125,0.99750,1.00000,0.00000,0.00000,0.00000
18.70125,0.99750,1.00000,0.00000,0.00000,0.00000
18.80125,0.99750,1.00000,0.00000,0.00000,0.00000
18.90125,0.99750,1.00000,0.00000,0.00000,0.00000
19.00125,0.99750,0.99996,0.00000,0.00000,0.00004
19.10125,0.99750,0.99104,0.00000,0.00004,0.00891
19.20125,0.99750,0.41274,0.00000,0.00012,0.58714
19.30125,0.99750,0.04239,0.00000,0.00002,0.95758
19.40125,0.99750,0.08917,0.00000,0.00001,0.91082
19.50125,0.99750,0.48445,0.00000,0.00000,0.51554
19.60125,0.99750,0.93120,0.00000,0.00000,0.06880
19.70125,0.99750,0.99702,0.00000,0.00000,0.00298
19.80125,0.99750,0.99998,0.00000,0.00000,0.00002
19.90125,0.99750,1.00000,0.00000,0.00000,0.00000
20.00125,0.99750,1.00000,0.00000,0.00000,0.00000
20.10125,0.99750,1.00000,0.00000,0.00000,0.00000
20.20125,0.99750,1.00000,0.00000,0.00000,0.00000
20.30125,0.99750,1.00000,0.00000,0.00000,0.00000
20.40125,0.99750,1.00000,0.00000,0.00000,0.00000
20.50125,0.99750,1.00000,0.00000,0.00000,0.00000
20.60125,0.99750,1.00000,0.00000,0.00000,0.00000
20.70125,0.99750,1.00000,0.00000,0.00000,0.00000
20.80125,0.99750,1.00000,0.00000,0.00000,0.00000
20.90125,0.99750,1.00000,0.00000,0.00000,0.00000
21.00125,0.99750,0.99988,0.00000,0.00001,0.00012
21.10125,0.99750,0.97034,0.00000,0.00005,0.02961
21.20125,0.99750,0.10122,0.00000,0.00010,0.89868
21.30125,0.99750,0.00644,0.00000,0.00001,0.99355
21.40125,0.99750,0.02949,0.00000,0.00002,0.97050
21.50125,0.99750,0.07815,0.00000,0.00002,0.92183
21.60125,0.99750,0.11784,0.00000,0.00001,0.88215
21.70125,0.99750,0.54926,0.00000,0.00000,0.45074
21.80125,0.99750,0.97120,0.00000,0.00000,0.02880
21.90125,0.99750,0.99938,0.00000,0.00000,0.00061
22.00125,0.99750,0.99999,0.00000,0.00000,0.00001
22.10125,0.99750,0.99999,0.00000,0.00000,0.00001
22.20125,0.99750,1.00000,0.00000,0.00000,0.00000
22.30125,0.99750,1.00000,0.00000,0.00000,0.00000
22.40125,0.99750,1.00000,0.00000,0.00000,0.00000
22.50125,0.99750,1.00000,0.00000,0.00000,0.00000
22.60125,0.99750,1.00000,0.00000,0.00000,0.00000
22.70125,0.99750,1.00000,0.00000,0.00000,0.00000
22.80125,0.99750,0.99999,0.00000,0.00000,0.00001
22.90125,0.99750,0.99977,0.00000,0.00000,0.00023
23.00125,0.99750,0.98957,0.00000,0.00001,0.01042
23.10125,0.99750,0.90825,0.00000,0.00012,0.09162
23.20125,0.99750,0.28296,0.00000,0.00015,0.71689
23.30125,0.99750,0.02401,0.00000,0.00004,0.97595
23.40125,0.99750,0.03061,0.00000,0.00005,0.96934
23.50125,0.99750,0.12189,0.00000,0.00003,0.87808
23.60125,0.99750,0.27759,0.00000,0.00001,0.72240
23.70125,0.99750,0.91998,0.00000,0.00001,0.08002
23.80125,0.99750,0.99898,0.00000,0.00000,0.00102
23.90125,0.99750,0.99983,0.00000,0.00000,0.00017
24.00125,0.99750,0.99996,0.00000,0.00000,0.00004
24.10125,0.99750,0.99999,0.00000,0.00000,0.00001
24.20125,0.99750,0.99997,0.00000,0.00000,0.00003
24.30125,0.99750,0.99999,0.00000,0.00000,0.00001
24.40125,0.99750,0.99999,0.00000,0.00000,0.00001
24.50125,0.99750,0.99999,0.00000,0.00000,0.00001
24.60125,0.99750,0.99999,0.00000,0.00000,0.00001
24.70125,0.99750,0.99950,0.00000,0.00000,0.00050
24.80125,0.99750,0.99377,0.00000,0.00000,0.00623
24.90125,0.99750,0.94300,0.00000,0.00002,0.05698
25.00125,0.99750,0.71131,0.00000,0.00012,0.28857
25.10125,0.99750,0.03272,0.00000,0.00006,0.96721
25.20125,0.99750,0.00705,0.00000,0.00001,0.99294
25.30125,0.99750,0.05009,0.00000,0.00001,0.94990
25.40125,0.99750,0.13369,0.00000,0.00000,0.86631
25.50125,0.99750,0.19946,0.00000,0.00000,0.80054
25.60125,0.99750,0.32961,0.00000,0.00000,0.67039
25.70125,0.99750,0.99241,0.00000,0.00000,0.00759
25.80125,0.99750,0.99983,0.00000,0.00000,0.00017
25.90125,0.99750,1.00000,0.00000,0.00000,0.00000
26.00125,0.99750,1.00000,0.00000,0.00000,0.00000
26.10125,0.99750,1.00000,0.00000,0.00000,0.00000
26.20125,0.99750,1.00000,0.00000,0.00000,0.00000
26.30125,0.99750,1.00000,0.00000,0.00000,0.00000
26.40125,0.99750,1.00000,0.00000,0.00000,0.00000
26.50125,0.99750,1.00000,0.00000,0.00000,0.00000
26.60125,0.99750,1.00000,0.00000,0.00000,0.00000
26.70125,0.99750,1.00000,0.00000,0.00000,0.00000
26.80125,0.99750,0.99985,0.00000,0.00001,0.00015
26.90125,0.99750,0.97815,0.00000,0.00019,0.02166
27.00125,0.99750,0.48384,0.00000,0.00052,0.51564
27.10125,0.99750,0.01484,0.00000,0.00011,0.98505
27.20125,0.99750,0.01473,0.00000,0.00008,0.98519
27.30125,0.99750,0.05017,0.00000,0.00008,0.94975
27.40125,0.99750,0.17345,0.00000,0.00001,0.82654
27.50125,0.99750,0.83426,0.00000,0.00000,0.16574
27.60125,0.99750,0.97684,0.00000,0.00000,0.02316
27.70125,0.99750,0.99962,0.00000,0.00000,0.00038
27.80125,0.99750,0.99962,0.00000,0.00000,0.00038
27.90125,0.99750,1.00000,0.00000,0.00000,0.00000
28.00125,0.99750,1.00000,0.00000,0.00000,0.00000
28.10125,0.99750,1.00000,0.00000,0.00000,0.00000
28.20125,0.99750,1.00000,0.00000,0.00000,0.00000
28.30125,0.99750,1.00000,0.00000,0.00000,0.00000
28.40125,0.99750,0.99995,0.00000,0.00000,0.00005
28.50125,0.99750,0.99937,0.00000,0.00000,0.00063
28.60125,0.99750,0.99923,0.00000,0.00001,0.00077
28.70125,0.99750,0.99109,0.00000,0.00009,0.00881
28.80125,0.99750,0.88322,0.00000,0.00048,0.11630
28.90125,0.99750,0.17082,0.00000,0.00046,0.82872
29.00125,0.99750,0.00914,0.00000,0.00005,0.99082
29.10125,0.99750,0.04785,0.00000,0.00003,0.95212
29.20125,0.99750,0.15132,0.00000,0.00000,0.84867
29.30125,0.99750,0.35703,0.00000,0.00000,0.64297
29.40125,0.99750,0.81267,0.00000,0.00000,0.18733
29.50125,0.99750,0.98398,0.00000,0.00000,0.01602
29.60125,0.99750,0.96569,0.00000,0.00000,0.03431
29.70125,0.99750,0.99909,0.00000,0.00000,0.00091
29.80125,0.99750,0.99999,0.00000,0.00000,0.00001
29.90125,0.99750,1.00000,0.00000,0.00000,0.00000
30.00125,0.99750,1.00000,0.00000,0.00000,0.00000
30.10125,0.99750,1.00000,0.00000,0.00000,0.00000
30.20125,0.99750,1.00000,0.00000,0.00000,0.00000
30.30125,0.99750,1.00000,0.00000,0.00000,0.00000
30.40125,0.99750,1.00000,0.00000,0.00000,0.00000
30.50125,0.99750,1.00000,0.00000,0.00000,0.00000
30.60125,0.99750,1.00000,0.00000,0.00000,0.00000
30.70125,0.99750,1.00000,0.00000,0.00000,0.00000
30.80125,0.99750,1.00000,0.00000,0.00000,0.00000
30.90125,0.99750,1.00000,0.00000,0.00000,0.00000
31.00125,0.99750,1.00000,0.00000,0.00000,0.00000
31.10125,0.99750,1.00000,0.00000,0.00000,0.00000
31.20125,0.99750,1.00000,0.00000,0.00000,0.00000
31.30125,0.99750,1.00000,0.00000,0.00000,0.00000
31.40125,0.99750,1.00000,0.00000,0.00000,0.00000
31.50125,0.99750,1.00000,0.00000,0.00000,0.00000
31.60125,0.99750,1.00000,0.00000,0.00000,0.00000
31.70125,0.99750,1.00000,0.00000,0.00000,0.00000
31.80125,0.99750,1.00000,0.00000,0.00000,0.00000
31.90125,0.99750,1.00000,0.00000,0.00000,0.00000
32.00125,0.99750,1.00000,0.00000,0.00000,0.00000
32.10125,0.99750,1.00000,0.00000,0.00000,0.00000
32.20125,0.99750,1.00000,0.00000,0.00000,0.00000
32.30125,0.99750,1.00000,0.00000,0.00000,0.00000
32.40125,0.99750,1.00000,0.00000,0.00000,0.00000
32.50125,0.99750,1.00000,0.00000,0.00000,0.00000
32.60125,0.99750,1.00000,0.00000,0.00000,0.00000
32.70125,0.99750,1.00000,0.00000,0.00000,0.00000
32.80125,0.99750,1.00000,0.00000,0.00000,0.00000
32.90125,0.99750,1.00000,0.00000,0.00000,0.00000
33.00125,0.99750,1.00000,0.00000,0.00000,0.00000
33.10125,0.99750,1.00000,0.00000,0.00000,0.00000
33.20125,0.99750,1.00000,0.00000,0.00000,0.00000
33.30125,0.99750,1.00000,0.00000,0.00000,0.00000
33.40125,0.99750,1.00000,0.00000,0.00000,0.00000
33.50125,0.99750,1.00000,0.00000,0.00000,0.00000
33.60125,0.99750,1.00000,0.00000,0.00000,0.00000
33.70125,0.99750,1.00000,0.00000,0.00000,0.00000
33.80125,0.99750,1.00000,0.00000,0.00000,0.00000
33.90125,0.99750,1.00000,0.00000,0.00000,0.00000
34.00125,0.99750,1.00000,0.00000,0.00000,0.00000
34.10125,0.99750,1.00000,0.00000,0.00000,0.00000
34.20125,0.99750,1.00000,0.00000,0.00000,0.00000
34.30125,0.99750,1.00000,0.00000,0.00000,0.00000
34.40125,0.99750,1.00000,0.00000,0.00000,0.00000
34.50125,0.99750,1.00000,0.00000,0.00000,0.00000
34.60125,0.99750,1.00000,0.00000,0.00000,0.00000
34.70125,0.99750,1.00000,0.00000,0.00000,0.00000
34.80125,0.99750,1.00000,0.00000,0.00000,0.00000
34.90125,0.99750,1.00000,0.00000,0.00000,0.00000
35.00125,0.99750,1.00000,0.00000,0.00000,0.00000
35.10125,0.99750,1.00000,0.00000,0.00000,0.00000
35.20125,0.99750,1.00000,0.00000,0.00000,0.00000
35.30125,0.99750,1.00000,0.00000,0.00000,0.00000
35.40125,0.99750,1.00000,0.00000,0.00000,0.00000
35.50125,0.99750,1.00000,0.00000,0.00000,0.00000
35.60125,0.99750,1.00000,0.00000,0.00000,0.00000
35.70125,0.99750,1.00000,0.00000,0.00000,0.00000
35.80125,0.99750,1.00000,0.00000,0.00000,0.00000
35.90125,0.99750,1.00000,0.00000,0.00000,0.00000
36.00125,0.99750,1.00000,0.00000,0.00000,0.00000
36.10125,0.99750,1.00000,0.00000,0.00000,0.00000
36.20125,0.99750,1.00000,0.00000,0.00000,0.00000
36.30125,0.99750,1.00000,0.00000,0.00000,0.00000
36.40125,0.99750,1.00000,0.00000,0.00000,0.00000
36.50125,0.99750,1.00000,0.00000,0.00000,0.00000
36.60125,0.99750,1.00000,0.00000,0.00000,0.00000
36.70125,0.99750,1.00000,0.00000,0.00000,0.00000
36.80125,0.99750,1.00000,0.00000,0.00000,0.00000
36.90125,0.99750,1.00000,0.00000,0.00000,0.00000
37.00125,0.99750,1.00000,0.00000,0.00000,0.00000
37.10125,0.99750,1.00000,0.00000,0.00000,0.00000
37.20125,0.99750,1.00000,0.00000,0.00000,0.00000
37.30125,0.99750,1.00000,0.00000,0.00000,0.00000
37.40125,0.99750,1.00000,0.00000,0.00000,0.00000
37.50125,0.99750,1.00000,0.00000,0.00000,0.00000
37.60125,0.99750,1.00000,0.00000,0.00000,0.00000
37.70125,0.99750,1.00000,0.00000,0.00000,0.00000
37.80125,0.99750,1.00000,0.00000,0.00000,0.00000
37.90125,0.99750,1.00000,0.00000,0.00000,0.00000
38.00125,0.99750,1.00000,0.00000,0.00000,0.00000
38.10125,0.99750,1.00000,0.00000,0.00000,0.00000
38.20125,0.99750,1.00000,0.00000,0.00000,0.00000
38.30125,0.99750,1.00000,0.00000,0.00000,0.00000
38.40125,0.99750,1.00000,0.00000,0.00000,0.00000
38.50125,0.99750,1.00000,0.00000,0.00000,0.00000
38.60125,0.99750,1.00000,0.00000,0.00000,0.00000
38.70125,0.99750,1.00000,0.00000,0.00000,0.00000
38.80125,0.99750,1.00000,0.00000,0.00000,0.00000
38.90125,0.99750,1.00000,0.00000,0.00000,0.00000
39.00125,0.99750,1.00000,0.00000,0.00000,0.00000
39.10125,0.99750,1.00000,0.00000,0.00000,0.00000
39.20125,0.99750,1.00000,0.00000,0.00000,0.00000
39.30125,0.99750,1.00000,0.00000,0.00000,0.00000
39.40125,0.99750,0.99998,0.00000,0.00000,0.00002
39.50125,0.99750,0.99689,0.00000,0.00002,0.00308
39.60125,0.99750,0.79642,0.00000,0.00098,0.20259
39.70125,0.99750,0.02525,0.00000,0.00056,0.97419
39.80125,0.99750,0.02031,0.00000,0.00041,0.97928
39.90125,0.99750,0.02489,0.00000,0.00016,0.97494
40.00125,0.99750,0.09977,0.00000,0.00005,0.90018
40.10125,0.99750,0.24850,0.00000,0.00001,0.75150
40.20125,0.99750,0.68086,0.00000,0.00000,0.31914
40.30125,0.99750,0.96220,0.00000,0.00000,0.03780
40.40125,0.99750,0.99334,0.00000,0.00000,0.00666
40.50125,0.99750,0.99855,0.00000,0.00000,0.00145
40.60125,0.99750,0.99958,0.00000,0.00000,0.00042
40.70125,0.99750,0.99989,0.00000,0.00000,0.00011
40.80125,0.99750,0.99997,0.00000,0.00000,0.00003
40.90125,0.99750,0.99956,0.00000,0.00000,0.00044
41.00125,0.99750,0.99814,0.00000,0.00000,0.00186
41.10125,0.99750,0.97472,0.00000,0.00003,0.02524
41.20125,0.99750,0.94140,0.00000,0.00031,0.05829
41.30125,0.99750,0.80087,0.00000,0.00170,0.19743
41.40125,0.99750,0.33309,0.00000,0.00257,0.66434
41.50125,0.99750,0.14025,0.00000,0.00103,0.85873
41.60125,0.99750,0.27517,0.00000,0.00036,0.72446
41.70125,0.99750,0.77799,0.00000,0.00005,0.22196
41.80125,0.99750,0.98357,0.00000,0.00000,0.01642
41.90125,0.99750,0.99891,0.00000,0.00000,0.00109
42.00125,0.99750,0.99997,0.00000,0.00000,0.00003
42.10125,0.99750,0.99996,0.00000,0.00000,0.00004
42.20125,0.99750,0.99997,0.00000,0.00000,0.00003
42.30125,0.99750,0.99999,0.00000,0.00000,0.00001
42.40125,0.99750,0.99998,0.00000,0.00000,0.00002
42.50125,0.99750,0.99985,0.00000,0.00000,0.00015
42.60125,0.99750,0.99950,0.00000,0.00000,0.00050
42.70125,0.99750,0.99768,0.00000,0.00000,0.00232
42.80125,0.99750,0.95738,0.00000,0.00002,0.04260
42.90125,0.99750,0.56545,0.00000,0.00006,0.43449
43.00125,0.99750,0.13764,0.00000,0.00003,0.86232
43.10125,0.99750,0.12145,0.00000,0.00001,0.87854
43.20125,0.99750,0.61591,0.00000,0.00000,0.38409
43.30125,0.99750,0.99224,0.00000,0.00000,0.00776
43.40125,0.99750,0.99998,0.00000,0.00000,0.00002
43.50125,0.99750,1.00000,0.00000,0.00000,0.00000
43.60125,0.99750,1.00000,0.00000,0.00000,0.00000
43.70125,0.99750,1.00000,0.00000,0.00000,0.00000
43.80125,0.99750,1.00000,0.00000,0.00000,0.00000
43.90125,0.99750,1.00000,0.00000,0.00000,0.00000
44.00125,0.99750,1.00000,0.00000,0.00000,0.00000
44.10125,0.99750,1.00000,0.00000,0.00000,0.00000
44.20125,0.99750,1.00000,0.00000,0.00000,0.00000
44.30125,0.99750,1.00000,0.00000,0.00000,0.00000
44.40125,0.99750,1.00000,0.00000,0.00000,0.00000
44.50125,0.99750,1.00000,0.00000,0.00000,0.00000
44.60125,0.99750,1.00000,0.00000,0.00000,0.00000
44.70125,0.99750,1.00000,0.00000,0.00000,0.00000
44.80125,0.99750,1.00000,0.00000,0.00000,0.00000
44.90125,0.99750,1.00000,0.00000,0.00000,0.00000
45.00125,0.99750,1.00000,0.00000,0.00000,0.00000
45.10125,0.99750,0.99995,0.00004,0.00000,0.00001
45.20125,0.99750,0.99965,0.00002,0.00003,0.00029
45.30125,0.99750,0.91636,0.00010,0.00027,0.08327
45.40125,0.99750,0.25799,0.00002,0.00079,0.74120
45.50125,0.99750,0.01129,0.00000,0.00010,0.98861
45.60125,0.99750,0.01905,0.00000,0.00007,0.98088
45.70125,0.99750,0.12472,0.00000,0.00002,0.87526
45.80125,0.99750,0.58097,0.00000,0.00000,0.41903
45.90125,0.99750,0.98390,0.00000,0.00000,0.01610
46.00125,0.99750,0.99920,0.00000,0.00000,0.00080
46.10125,0.99750,1.00000,0.00000,0.00000,0.00000
46.20125,0.99750,1.00000,0.00000,0.00000,0.00000
46.30125,0.99750,1.00000,0.00000,0.00000,0.00000
46.40125,0.99750,1.00000,0.00000,0.00000,0.00000
46.50125,0.99750,1.00000,0.00000,0.00000,0.00000
46.60125,0.99750,1.00000,0.00000,0.00000,0.00000
46.70125,0.99750,1.00000,0.00000,0.00000,0.00000
46.80125,0.99750,0.99999,0.00000,0.00000,0.00000
46.90125,0.99750,0.99986,0.00000,0.00006,0.00008
47.00125,0.99750,0.99541,0.00000,0.00050,0.00409
47.10125,0.99750,0.94482,0.00001,0.00839,0.04679
47.20125,0.99750,0.20686,0.00001,0.02218,0.77096
47.30125,0.99750,0.04154,0.00000,0.00346,0.95500
47.40125,0.99750,0.21277,0.00000,0.00175,0.78548
47.50125,0.99750,0.74378,0.00000,0.00031,0.25592
47.60125,0.99750,0.99831,0.00000,0.00001,0.00168
47.70125,0.99750,0.99998,0.00000,0.00000,0.00002
47.80125,0.99750,1.00000,0.00000,0.00000,0.00000
47.90125,0.99750,1.00000,0.00000,0.00000,0.00000
48.00125,0.99750,1.00000,0.00000,0.00000,0.00000
48.10125,0.99750,1.00000,0.00000,0.00000,0.00000
48.20125,0.99750,1.00000,0.00000,0.00000,0.00000
48.30125,0.99750,1.00000,0.00000,0.00000,0.00000
48.40125,0.99750,1.00000,0.00000,0.00000,0.00000
48.50125,0.99750,0.99998,0.00000,0.00001,0.00001
48.60125,0.99750,0.99920,0.00000,0.00010,0.00070
48.70125,0.99750,0.91340,0.00000,0.00080,0.08580
48.80125,0.99750,0.17559,0.00000,0.00120,0.82321
48.90125,0.99750,0.04662,0.00000,0.00036,0.95302
49.00125,0.99750,0.06702,0.00000,0.00020,0.93278
49.10125,0.99750,0.28626,0.00000,0.00006,0.71368
49.20125,0.99750,0.72842,0.00000,0.00001,0.27157
49.30125,0.99750,0.99460,0.00000,0.00000,0.00540
49.40125,0.99750,0.99998,0.00000,0.00000,0.00002
49.50125,0.99750,1.00000,0.00000,0.00000,0.00000
49.60125,0.99750,1.00000,0.00000,0.00000,0.00000
49.70125,0.99750,1.00000,0.00000,0.00000,0.00000
49.80125,0.99750,1.00000,0.00000,0.00000,0.00000
49.90125,0.99750,1.00000,0.00000,0.00000,0.00000
50.00125,0.99750,1.00000,0.00000,0.00000,0.00000
50.10125,0.99750,1.00000,0.00000,0.00000,0.00000
50.20125,0.99750,0.99995,0.00001,0.00000,0.00004
50.30125,0.99750,0.99843,0.00001,0.00003,0.00153
50.40125,0.99750,0.76023,0.00006,0.00017,0.23954
50.50125,0.99750,0.05664,0.00001,0.00012,0.94324
50.60125,0.99750,0.01128,0.00000,0.00002,0.98869
50.70125,0.99750,0.03382,0.00000,0.00002,0.96616
50.80125,0.99750,0.21067,0.00000,0.00001,0.78933
50.90125,0.99750,0.85514,0.00000,0.00000,0.14486
51.00125,0.99750,0.99844,0.00000,0.00000,0.00156
51.10125,0.99750,1.00000,0.00000,0.00000,0.00000
51.20125,0.99750,1.00000,0.00000,0.00000,0.00000
51.30125,0.99750,1.00000,0.00000,0.00000,0.00000
51.40125,0.99750,1.00000,0.00000,0.00000,0.00000
51.50125,0.99750,1.00000,0.00000,0.00000,0.00000
51.60125,0.99750,1.00000,0.00000,0.00000,0.00000
51.70125,0.99750,1.00000,0.00000,0.00000,0.00000
51.80125,0.99750,1.00000,0.00000,0.00000,0.00000
51.90125,0.99750,1.00000,0.00000,0.00000,0.00000
52.00125,0.99750,0.99999,0.00000,0.00000,0.00001
52.10125,0.99750,0.99925,0.00000,0.00003,0.00072
52.20125,0.99750,0.81886,0.00000,0.00020,0.18094
52.30125,0.99750,0.15054,0.00000,0.00022,0.84924
52.40125,0.99750,0.02236,0.00000,0.00006,0.97757
52.50125,0.99750,0.06453,0.00000,0.00005,0.93542
52.60125,0.99750,0.23616,0.00000,0.00001,0.76383
52.70125,0.99750,0.54255,0.00000,0.00000,0.45745
52.80125,0.99750,0.92171,0.00000,0.00000,0.07829
52.90125,0.99750,0.99609,0.00000,0.00000,0.00391
53.00125,0.99750,0.99994,0.00000,0.00000,0.00006
53.10125,0.99750,1.00000,0.00000,0.00000,0.00000
53.20125,0.99750,1.00000,0.00000,0.00000,0.00000
53.30125,0.99750,1.00000,0.00000,0.00000,0.00000
53.40125,0.99750,1.00000,0.00000,0.00000,0.00000
53.50125,0.99750,1.00000,0.00000,0.00000,0.00000
53.60125,0.99750,1.00000,0.00000,0.00000,0.00000
53.70125,0.99750,0.99997,0.00000,0.00000,0.00003
53.80125,0.99750,0.99988,0.00000,0.00001,0.00011
53.90125,0.99750,0.99801,0.00000,0.00023,0.00175
54.00125,0.99750,0.93586,0.00001,0.00202,0.06211
54.10125,0.99750,0.33713,0.00002,0.00473,0.65813
54.20125,0.99750,0.03651,0.00000,0.00186,0.96163
54.30125,0.99750,0.04244,0.00000,0.00135,0.95621
54.40125,0.99750,0.20616,0.00000,0.00043,0.79341
54.50125,0.99750,0.83807,0.00000,0.00009,0.16183
54.60125,0.99750,0.99850,0.00000,0.00000,0.00149
54.70125,0.99750,1.00000,0.00000,0.00000,0.00000
54.80125,0.99750,1.00000,0.00000,0.00000,0.00000
54.90125,0.99750,1.00000,0.00000,0.00000,0.00000
55.00125,0.99750,1.00000,0.00000,0.00000,0.00000
55.10125,0.99750,1.00000,0.00000,0.00000,0.00000
55.20125,0.99750,1.00000,0.00000,0.00000,0.00000
55.30125,0.99750,1.00000,0.00000,0.00000,0.00000
55.40125,0.99750,1.00000,0.00000,0.00000,0.00000
55.50125,0.99750,1.00000,0.00000,0.00000,0.00000
55.60125,0.99750,0.99998,0.00001,0.00001,0.00000
55.70125,0.99750,0.99928,0.00000,0.00013,0.00059
55.80125,0.99750,0.83156,0.00001,0.00165,0.16678
55.90125,0.99750,0.07290,0.00000,0.00141,0.92569
56.00125,0.99750,0.02863,0.00000,0.00054,0.97083
56.10125,0.99750,0.08847,0.00000,0.00025,0.91128
56.20125,0.99750,0.33034,0.00000,0.00005,0.66961
56.30125,0.99750,0.76680,0.00000,0.00001,0.23319
56.40125,0.99750,0.98754,0.00000,0.00000,0.01246
56.50125,0.99750,0.99993,0.00000,0.00000,0.00007
56.60125,0.99750,0.99983,0.00000,0.00000,0.00017
56.70125,0.99750,0.99997,0.00000,0.00000,0.00003
56.80125,0.99750,0.99999,0.00000,0.00000,0.00001
56.90125,0.99750,0.99998,0.00000,0.00000,0.00002
57.00125,0.99750,0.99999,0.00000,0.00000,0.00001
57.10125,0.99750,0.99997,0.00000,0.00000,0.00003
57.20125,0.99750,0.99971,0.00000,0.00000,0.00028
57.30125,0.99750,0.99538,0.00000,0.00004,0.00458
57.40125,0.99750,0.93811,0.00000,0.00035,0.06153
57.50125,0.99750,0.27661,0.00000,0.00086,0.72253
57.60125,0.99750,0.02872,0.00000,0.00026,0.97102
57.70125,0.99750,0.03443,0.00000,0.00008,0.96549
57.80125,0.99750,0.40113,0.00000,0.00005,0.59882
57.90125,0.99750,0.80799,0.00000,0.00001,0.19200
58.00125,0.99750,0.99315,0.00000,0.00000,0.00685
58.10125,0.99750,0.99995,0.00000,0.00000,0.00005
58.20125,0.99750,1.00000,0.00000,0.00000,0.00000
58.30125,0.99750,1.00000,0.00000,0.00000,0.00000
58.40125,0.99750,1.00000,0.00000,0.00000,0.00000
58.50125,0.99750,1.00000,0.00000,0.00000,0.00000
58.60125,0.99750,1.00000,0.00000,0.00000,0.00000
58.70125,0.99750,1.00000,0.00000,0.00000,0.00000
58.80125,0.99750,1.00000,0.00000,0.00000,0.00000
58.90125,0.99750,1.00000,0.00000,0.00000,0.00000
59.00125,0.99750,0.99999,0.00000,0.00000,0.00000
59.10125,0.99750,0.99993,0.00001,0.00000,0.00006
59.20125,0.99750,0.98865,0.00001,0.00003,0.01131
59.30125,0.99750,0.28139,0.00000,0.00008,0.71852
59.40125,0.99750,0.01385,0.00000,0.00002,0.98613
59.50125,0.99750,0.04006,0.00000,0.00002,0.95992
59.60125,0.99750,0.16799,0.00000,0.00001,0.83200
59.70125,0.99750,0.37883,0.00000,0.00000,0.62117
59.80125,0.99750,0.63374,0.00000,0.00000,0.36626
59.90125,0.99750,0.97124,0.00000,0.00000,0.02876
60.00125,0.99750,0.99997,0.00000,0.00000,0.00003
60.10125,0.99750,1.00000,0.00000,0.00000,0.00000
60.20125,0.99750,1.00000,0.00000,0.00000,0.00000
60.30125,0.99750,1.00000,0.00000,0.00000,0.00000
60.40125,0.99750,1.00000,0.00000,0.00000,0.00000
60.50125,0.99750,1.00000,0.00000,0.00000,0.00000
60.60125,0.99750,1.00000,0.00000,0.00000,0.00000
60.70125,0.99750,0.99999,0.00000,0.00000,0.00001
60.80125,0.99750,0.99997,0.00000,0.00000,0.00003
60.90125,0.99750,0.99951,0.00000,0.00000,0.00048
61.00125,0.99750,0.78599,0.00000,0.00001,0.21399
61.10125,0.99750,0.11654,0.00000,0.00001,0.88344
61.20125,0.99750,0.02371,0.00000,0.00000,0.97628
61.30125,0.99750,0.08744,0.00000,0.00000,0.91256
61.40125,0.99750,0.29434,0.00000,0.00000,0.70566
61.50125,0.99750,0.72768,0.00000,0.00000,0.27232
61.60125,0.99750,0.99268,0.00000,0.00000,0.00732
61.70125,0.99750,0.99998,0.00000,0.00000,0.00002
61.80125,0.99750,0.99997,0.00000,0.00000,0.00003
61.90125,0.99750,1.00000,0.00000,0.00000,0.00000
62.00125,0.99750,0.99998,0.00000,0.00000,0.00002
62.10125,0.99750,0.99999,0.00000,0.00000,0.00001
62.20125,0.99750,1.00000,0.00000,0.00000,0.00000
62.30125,0.99750,0.99993,0.00000,0.00000,0.00007
62.40125,0.99750,0.99886,0.00000,0.00000,0.00114
62.50125,0.99750,0.99840,0.00000,0.00002,0.00158
62.60125,0.99750,0.89305,0.00000,0.00011,0.10684
62.70125,0.99750,0.17511,0.00000,0.00017,0.82471
62.80125,0.99750,0.02265,0.00000,0.00005,0.97729
62.90125,0.99750,0.03449,0.00000,0.00004,0.96546
63.00125,0.99750,0.13399,0.00000,0.00001,0.86600
63.10125,0.99750,0.35778,0.00000,0.00000,0.64222
63.20125,0.99751,0.89819,0.00000,0.00000,0.10181
63.30125,0.99750,0.99817,0.00000,0.00000,0.00183
63.40125,0.99750,0.99997,0.00000,0.00000,0.00003
63.50125,0.99750,1.00000,0.00000,0.00000,0.00000
63.60125,0.99750,1.00000,0.00000,0.00000,0.00000
63.70125,0.99751,1.00000,0.00000,0.00000,0.00000
63.80125,0.99750,1.00000,0.00000,0.00000,0.00000
63.90125,0.99750,1.00000,0.00000,0.00000,0.00000
64.00125,0.99750,1.00000,0.00000,0.00000,0.00000
64.10125,0.99750,1.00000,0.00000,0.00000,0.00000
64.20125,0.99751,1.00000,0.00000,0.00000,0.00000
64.30125,0.99751,0.99998,0.00002,0.00000,0.00000
64.40125,0.99750,0.99974,0.00000,0.00005,0.00020
64.50125,0.99750,0.95824,0.00001,0.00048,0.04127
64.60125,0.99750,0.11646,0.00001,0.00067,0.88286
64.70125,0.99751,0.01867,0.00000,0.00017,0.98116
64.80125,0.99751,0.07469,0.00000,0.00008,0.92523
64.90125,0.99750,0.51992,0.00000,0.00002,0.48005
65.00125,0.99750,0.97425,0.00000,0.00000,0.02575
65.10125,0.99750,0.99941,0.00000,0.00000,0.00059
65.20125,0.99751,1.00000,0.00000,0.00000,0.00000
65.30125,0.99751,1.00000,0.00000,0.00000,0.00000
65.40125,0.99750,1.00000,0.00000,0.00000,0.00000
65.50125,0.99750,1.00000,0.00000,0.00000,0.00000
65.60125,0.99750,1.00000,0.00000,0.00000,0.00000
65.70125,0.99751,1.00000,0.00000,0.00000,0.00000
65.80125,0.99751,1.00000,0.00000,0.00000,0.00000
65.90125,0.99750,1.00000,0.00000,0.00000,0.00000
66.00125,0.99750,1.00000,0.00000,0.00000,0.00000
66.10125,0.99750,0.99998,0.00001,0.00000,0.00001
66.20125,0.99751,0.99968,0.00000,0.00001,0.00030
66.30125,0.99751,0.82028,0.00000,0.00012,0.17960
66.40125,0.99750,0.11116,0.00000,0.00004,0.88880
66.50125,0.99750,0.01316,0.00000,0.00001,0.98684
66.60125,0.99750,0.06822,0.00000,0.00000,0.93178
66.70125,0.99751,0.26777,0.00000,0.00000,0.73223
66.80125,0.99751,0.70810,0.00000,0.00000,0.29190
66.90125,0.99750,0.95079,0.00000,0.00000,0.04921
67.00125,0.99750,0.99831,0.00000,0.00000,0.00169
67.10125,0.99750,0.99999,0.00000,0.00000,0.00001
67.20125,0.99751,1.00000,0.00000,0.00000,0.00000
67.30125,0.99751,1.00000,0.00000,0.00000,0.00000
67.40125,0.99750,1.00000,0.00000,0.00000,0.00000
67.50125,0.99750,1.00000,0.00000,0.00000,0.00000
67.60125,0.99750,1.00000,0.00000,0.00000,0.00000
67.70125,0.99751,1.00000,0.00000,0.00000,0.00000
67.80125,0.99751,1.00000,0.00000,0.00000,0.00000
67.90125,0.99750,1.00000,0.00000,0.00000,0.00000
68.00125,0.99750,0.99999,0.00000,0.00000,0.00000
68.10125,0.99750,0.99949,0.00000,0.00009,0.00042
68.20125,0.99751,0.78437,0.00000,0.00135,0.21428
68.30125,0.99751,0.03065,0.00000,0.00034,0.96901
68.40125,0.99750,0.01907,0.00000,0.00012,0.98081
68.50125,0.99750,0.10189,0.00000,0.00005,0.89805
68.60125,0.99750,0.28088,0.00000,0.00001,0.71912
68.70125,0.99751,0.55371,0.00000,0.00000,0.44629
68.80125,0.99751,0.90902,0.00000,0.00000,0.09098
68.90125,0.99750,0.99094,0.00000,0.00000,0.00906
69.00125,0.99750,0.99856,0.00000,0.00000,0.00144
69.10125,0.99750,0.99987,0.00000,0.00000,0.00013
69.20125,0.99751,0.99999,0.00000,0.00000,0.00001
69.30125,0.99751,1.00000,0.00000,0.00000,0.00000
69.40125,0.99750,1.00000,0.00000,0.00000,0.00000
69.50125,0.99750,1.00000,0.00000,0.00000,0.00000
69.60125,0.99750,1.00000,0.00000,0.00000,0.00000
69.70125,0.99751,1.00000,0.00000,0.00000,0.00000
69.80125,0.99751,1.00000,0.00000,0.00000,0.00000
69.90125,0.99750,1.00000,0.00000,0.00000,0.00000
70.00125,0.99750,1.00000,0.00000,0.00000,0.00000
70.10125,0.99750,1.00000,0.00000,0.00000,0.00000
70.20125,0.99751,1.00000,0.00000,0.00000,0.00000
70.30125,0.99751,1.00000,0.00000,0.00000,0.00000
70.40125,0.99750,1.00000,0.00000,0.00000,0.00000
70.50125,0.99750,1.00000,0.00000,0.00000,0.00000
70.60125,0.99750,1.00000,0.00000,0.00000,0.00000
70.70125,0.99751,1.00000,0.00000,0.00000,0.00000
70.80125,0.99751,1.00000,0.00000,0.00000,0.00000
70.90125,0.99750,1.00000,0.00000,0.00000,0.00000
71.00125,0.99750,1.00000,0.00000,0.00000,0.00000
71.10125,0.99750,1.00000,0.00000,0.00000,0.00000
71.20125,0.99751,1.00000,0.00000,0.00000,0.00000
71.30125,0.99751,1.00000,0.00000,0.00000,0.00000
71.40125,0.99750,1.00000,0.00000,0.00000,0.00000
71.50125,0.99750,1.00000,0.00000,0.00000,0.00000
71.60125,0.99750,1.00000,0.00000,0.00000,0.00000
71.70125,0.99751,1.00000,0.00000,0.00000,0.00000
71.80125,0.99751,1.00000,0.00000,0.00000,0.00000
71.90125,0.99750,1.00000,0.00000,0.00000,0.00000
72.00125,0.99750,1.00000,0.00000,0.00000,0.00000
72.10125,0.99750,1.00000,0.00000,0.00000,0.00000
72.20125,0.99751,1.00000,0.00000,0.00000,0.00000
72.30125,0.99751,1.00000,0.00000,0.00000,0.00000
72.40125,0.99750,1.00000,0.00000,0.00000,0.00000
72.50125,0.99750,1.00000,0.00000,0.00000,0.00000
72.60125,0.99750,1.00000,0.00000,0.00000,0.00000
72.70125,0.99751,1.00000,0.00000,0.00000,0.00000
72.80125,0.99751,1.00000,0.00000,0.00000,0.00000
72.90125,0.99750,1.00000,0.00000,0.00000,0.00000
73.00125,0.99750,1.00000,0.00000,0.00000,0.00000
73.10125,0.99750,1.00000,0.00000,0.00000,0.00000
73.20125,0.99751,1.00000,0.00000,0.00000,0.00000
73.30125,0.99751,1.00000,0.00000,0.00000,0.00000
73.40125,0.99750,1.00000,0.00000,0.00000,0.00000
73.50125,0.99750,1.00000,0.00000,0.00000,0.00000
73.60125,0.99750,1.00000,0.00000,0.00000,0.00000
73.70125,0.99751,1.00000,0.00000,0.00000,0.00000
73.80125,0.99751,1.00000,0.00000,0.00000,0.00000
73.90125,0.99750,1.00000,0.00000,0.00000,0.00000
74.00125,0.99750,1.00000,0.00000,0.00000,0.00000
74.10125,0.99750,1.00000,0.00000,0.00000,0.00000
74.20125,0.99751,1.00000,0.00000,0.00000,0.00000
74.30125,0.99751,1.00000,0.00000,0.00000,0.00000
74.40125,0.99750,1.00000,0.00000,0.00000,0.00000
74.50125,0.99750,1.00000,0.00000,0.00000,0.00000
74.60125,0.99750,1.00000,0.00000,0.00000,0.00000
74.70125,0.99751,1.00000,0.00000,0.00000,0.00000
74.80125,0.99751,1.00000,0.00000,0.00000,0.00000
74.90125,0.99750,1.00000,0.00000,0.00000,0.00000
75.00125,0.99750,1.00000,0.00000,0.00000,0.00000
75.10125,0.99750,1.00000,0.00000,0.00000,0.00000
75.20125,0.99751,1.00000,0.00000,0.00000,0.00000
75.30125,0.99751,1.00000,0.00000,0.00000,0.00000
75.40125,0.99750,1.00000,0.00000,0.00000,0.00000
75.50125,0.99750,1.00000,0.00000,0.00000,0.00000
75.60125,0.99750,1.00000,0.00000,0.00000,0.00000
75.70125,0.99751,1.00000,0.00000,0.00000,0.00000
75.80125,0.99751,1.00000,0.00000,0.00000,0.00000
75.90125,0.99750,1.00000,0.00000,0.00000,0.00000
76.00125,0.99750,1.00000,0.00000,0.00000,0.00000
76.10125,0.99750,1.00000,0.00000,0.00000,0.00000
76.20125,0.99751,1.00000,0.00000,0.00000,0.00000
76.30125,0.99751,1.00000,0.00000,0.00000,0.00000
76.40125,0.99750,1.00000,0.00000,0.00000,0.00000
76.50125,0.99750,1.00000,0.00000,0.00000,0.00000
76.60125,0.99750,1.00000,0.00000,0.00000,0.00000
76.70125,0.99751,1.00000,0.00000,0.00000,0.00000
76.80125,0.99751,1.00000,0.00000,0.00000,0.00000
76.90125,0.99750,1.00000,0.00000,0.00000,0.00000
77.00125,0.99750,1.00000,0.00000,0.00000,0.00000
77.10125,0.99750,1.00000,0.00000,0.00000,0.00000
77.20125,0.99751,1.00000,0.00000,0.00000,0.00000
77.30125,0.99751,1.00000,0.00000,0.00000,0.00000
77.40125,0.99750,1.00000,0.00000,0.00000,0.00000
77.50125,0.99750,1.00000,0.00000,0.00000,0.00000
77.60125,0.99750,1.00000,0.00000,0.00000,0.00000
77.70125,0.99751,1.00000,0.00000,0.00000,0.00000
77.80125,0.99751,1.00000,0.00000,0.00000,0.00000
77.90125,0.99750,1.00000,0.00000,0.00000,0.00000
78.00125,0.99750,1.00000,0.00000,0.00000,0.00000
78.10125,0.99750,1.00000,0.00000,0.00000,0.00000
78.20125,0.99751,1.00000,0.00000,0.00000,0.00000
78.30125,0.99751,1.00000,0.00000,0.00000,0.00000
78.40125,0.99750,1.00000,0.00000,0.00000,0.00000
78.50125,0.99750,1.00000,0.00000,0.00000,0.00000
78.60125,0.99750,1.00000,0.00000,0.00000,0.00000
78.70125,0.99751,1.00000,0.00000,0.00000,0.00000
78.80125,0.99751,1.00000,0.00000,0.00000,0.00000
78.90125,0.99750,0.99999,0.00000,0.00000,0.00001
79.00125,0.99750,0.99993,0.00000,0.00000,0.00007
79.10125,0.99750,0.99889,0.00000,0.00000,0.00111
79.20125,0.99751,0.94728,0.00005,0.00001,0.05266
79.30125,0.99751,0.66811,0.00000,0.00016,0.33173
79.40125,0.99750,0.23746,0.00000,0.00007,0.76247
79.50125,0.99750,0.44116,0.00000,0.00007,0.55878
79.60125,0.99750,0.09461,0.00000,0.00002,0.90537
79.70125,0.99751,0.08867,0.00000,0.00001,0.91132
79.80125,0.99751,0.20549,0.00000,0.00000,0.79451
79.90125,0.99750,0.66806,0.00000,0.00000,0.33193
80.00125,0.99750,0.92196,0.00000,0.00000,0.07803
80.10125,0.99750,0.99912,0.00000,0.00000,0.00088
80.20125,0.99751,0.99999,0.00000,0.00000,0.00001
80.30125,0.99751,1.00000,0.00000,0.00000,0.00000
80.40125,0.99750,1.00000,0.00000,0.00000,0.00000
80.50125,0.99750,1.00000,0.00000,0.00000,0.00000
80.60125,0.99750,1.00000,0.00000,0.00000,0.00000
80.70125,0.99751,1.00000,0.00000,0.00000,0.00000
80.80125,0.99751,1.00000,0.00000,0.00000,0.00000
80.90125,0.99750,1.00000,0.00000,0.00000,0.00000
81.00125,0.99750,1.00000,0.00000,0.00000,0.00000
81.10125,0.99750,0.99996,0.00000,0.00003,0.00001
81.20125,0.99751,0.99912,0.00000,0.00017,0.00071
81.30125,0.99751,0.85008,0.00000,0.00060,0.14931
81.40125,0.99750,0.06552,0.00000,0.00013,0.93435
81.50125,0.99750,0.04403,0.00000,0.00004,0.95593
81.60125,0.99750,0.71976,0.00000,0.00002,0.28022
81.70125,0.99751,0.99751,0.00000,0.00000,0.00249
81.80125,0.99751,0.99990,0.00000,0.00000,0.00010
81.90125,0.99750,1.00000,0.00000,0.00000,0.00000
82.00125,0.99750,1.00000,0.00000,0.00000,0.00000
82.10125,0.99750,1.00000,0.00000,0.00000,0.00000
82.20125,0.99751,1.00000,0.00000,0.00000,0.00000
82.30125,0.99751,1.00000,0.00000,0.00000,0.00000
82.40125,0.99750,1.00000,0.00000,0.00000,0.00000
82.50125,0.99750,1.00000,0.00000,0.00000,0.00000
82.60125,0.99750,1.00000,0.00000,0.00000,0.00000
82.70125,0.99751,1.00000,0.00000,0.00000,0.00000
82.80125,0.99751,1.00000,0.00000,0.00000,0.00000
82.90125,0.99750,1.00000,0.00000,0.00000,0.00000
83.00125,0.99750,0.99980,0.00000,0.00000,0.00020
83.10125,0.99750,0.99170,0.00000,0.00001,0.00829
83.20125,0.99751,0.90033,0.00000,0.00026,0.09941
83.30125,0.99751,0.28372,0.00000,0.00085,0.71543
83.40125,0.99750,0.06953,0.00000,0.00116,0.92931
83.50125,0.99750,0.02819,0.00000,0.00034,0.97147
83.60125,0.99750,0.06916,0.00000,0.00011,0.93073
83.70125,0.99751,0.25212,0.00000,0.00002,0.74785
83.80125,0.99751,0.53570,0.00000,0.00000,0.46429
83.90125,0.99750,0.98115,0.00000,0.00000,0.01885
84.00125,0.99750,0.99999,0.00000,0.00000,0.00001
84.10125,0.99750,1.00000,0.00000,0.00000,0.00000
84.20125,0.99751,1.00000,0.00000,0.00000,0.00000
84.30125,0.99751,1.00000,0.00000,0.00000,0.00000
84.40125,0.99750,1.00000,0.00000,0.00000,0.00000
84.50125,0.99750,1.00000,0.00000,0.00000,0.00000
84.60125,0.99750,1.00000,0.00000,0.00000,0.00000
84.70125,0.99751,1.00000,0.00000,0.00000,0.00000
84.80125,0.99751,1.00000,0.00000,0.00000,0.00000
84.90125,0.99750,1.00000,0.00000,0.00000,0.00000
85.00125,0.99750,0.99996,0.00000,0.00002,0.00002
85.10125,0.99750,0.99788,0.00000,0.00007,0.00205
85.20125,0.99751,0.75056,0.00001,0.00071,0.24872
85.30125,0.99751,0.25082,0.00003,0.00441,0.74474
85.40125,0.99750,0.02436,0.00000,0.00456,0.97108
85.50125,0.99750,0.01670,0.00000,0.00237,0.98094
85.60125,0.99750,0.01036,0.00000,0.00056,0.98908
85.70125,0.99751,0.01347,0.00000,0.00017,0.98635
85.80125,0.99751,0.03555,0.00000,0.00003,0.96442
85.90125,0.99750,0.11273,0.00000,0.00000,0.88727
86.00125,0.99750,0.81829,0.00000,0.00000,0.18171
86.10125,0.99750,0.98382,0.00000,0.00000,0.01618
86.20125,0.99751,0.99998,0.00000,0.00000,0.00002
86.30125,0.99751,1.00000,0.00000,0.00000,0.00000
86.40125,0.99750,1.00000,0.00000,0.00000,0.00000
86.50125,0.99750,1.00000,0.00000,0.00000,0.00000
86.60125,0.99750,1.00000,0.00000,0.00000,0.00000
86.70125,0.99751,1.00000,0.00000,0.00000,0.00000
86.80125,0.99751,1.00000,0.00000,0.00000,0.00000
86.90125,0.99750,1.00000,0.00000,0.00000,0.00000
87.00125,0.99750,1.00000,0.00000,0.00000,0.00000
87.10125,0.99750,1.00000,0.00000,0.00000,0.00000
87.20125,0.99751,0.99999,0.00000,0.00000,0.00000
87.30125,0.99751,0.99979,0.00000,0.00014,0.00007
87.40125,0.99750,0.98324,0.00002,0.00056,0.01618
87.50125,0.99750,0.40621,0.00003,0.00189,0.59187
87.60125,0.99750,0.03489,0.00000,0.00034,0.96476
87.70125,0.99751,0.05322,0.00000,0.00016,0.94662
87.80125,0.99751,0.39587,0.00000,0.00005,0.60408
87.90125,0.99750,0.80347,0.00000,0.00000,0.19653
88.00125,0.99750,0.99371,0.00000,0.00000,0.00629
88.10125,0.99750,0.99985,0.00000,0.00000,0.00015
88.20125,0.99751,1.00000,0.00000,0.00000,0.00000
88.30125,0.99751,1.00000,0.00000,0.00000,0.00000
88.40125,0.99750,1.00000,0.00000,0.00000,0.00000
88.50125,0.99750,1.00000,0.00000,0.00000,0.00000
88.60125,0.99750,1.00000,0.00000,0.00000,0.00000
88.70125,0.99751,1.00000,0.00000,0.00000,0.00000
88.80125,0.99751,1.00000,0.00000,0.00000,0.00000
88.90125,0.99750,1.00000,0.00000,0.00000,0.00000
89.00125,0.99750,1.00000,0.00000,0.00000,0.00000
89.10125,0.99750,1.00000,0.00000,0.00000,0.00000
89.20125,0.99751,0.99999,0.00000,0.00001,0.00000
89.30125,0.99751,0.99972,0.00000,0.00004,0.00023
89.40125,0.99750,0.88333,0.00000,0.00059,0.11608
89.50125,0.99750,0.02836,0.00000,0.00029,0.97135
89.60125,0.99750,0.01433,0.00000,0.00008,0.98559
89.70125,0.99751,0.07351,0.00000,0.00003,0.92646
89.80125,0.99751,0.46331,0.00000,0.00001,0.53668
89.90125,0.99750,0.76817,0.00000,0.00000,0.23182
90.00125,0.99750,0.94964,0.00000,0.00000,0.05036
90.10125,0.99750,0.99976,0.00000,0.00000,0.00024
90.20125,0.99751,0.99989,0.00000,0.00000,0.00011
90.30125,0.99751,1.00000,0.00000,0.00000,0.00000
90.40125,0.99750,1.00000,0.00000,0.00000,0.00000
90.50125,0.99750,1.00000,0.00000,0.00000,0.00000
90.60125,0.99750,1.00000,0.00000,0.00000,0.00000
90.70125,0.99751,1.00000,0.00000,0.00000,0.00000
90.80125,0.99751,1.00000,0.00000,0.00000,0.00000
90.90125,0.99750,1.00000,0.00000,0.00000,0.00000
91.00125,0.99750,1.00000,0.00000,0.00000,0.00000
91.10125,0.99750,1.00000,0.00000,0.00000,0.00000
91.20125,0.99751,1.00000,0.00000,0.00000,0.00000
91.30125,0.99751,0.99998,0.00000,0.00000,0.00001
91.40125,0.99750,0.99801,0.00000,0.00003,0.00196
91.50125,0.99750,0.46659,0.00000,0.00017,0.53324
91.60125,0.99750,0.00873,0.00000,0.00002,0.99125
91.70125,0.99751,0.01651,0.00000,0.00000,0.98349
91.80125,0.99751,0.03530,0.00000,0.00000,0.96470
91.90125,0.99750,0.12630,0.00000,0.00000,0.87370
92.00125,0.99750,0.38191,0.00000,0.00000,0.61809
92.10125,0.99750,0.95287,0.00000,0.00000,0.04713
92.20125,0.99751,0.99993,0.00000,0.00000,0.00007
92.30125,0.99751,1.00000,0.00000,0.00000,0.00000
92.40125,0.99750,1.00000,0.00000,0.00000,0.00000
92.50125,0.99750,1.00000,0.00000,0.00000,0.00000
92.60125,0.99750,1.00000,0.00000,0.00000,0.00000
92.70125,0.99751,1.00000,0.00000,0.00000,0.00000
92.80125,0.99751,1.00000,0.00000,0.00000,0.00000
92.90125,0.99750,1.00000,0.00000,0.00000,0.00000
93.00125,0.99750,1.00000,0.00000,0.00000,0.00000
93.10125,0.99750,1.00000,0.00000,0.00000,0.00000
93.20125,0.99751,0.99992,0.00005,0.00002,0.00001
93.30125,0.99751,0.99726,0.00004,0.00036,0.00234
93.40125,0.99750,0.81355,0.00015,0.00425,0.18205
93.50125,0.99750,0.03911,0.00002,0.00219,0.95868
93.60125,0.99750,0.05138,0.00000,0.00122,0.94739
93.70125,0.99751,0.06074,0.00000,0.00024,0.93902
93.80125,0.99751,0.41674,0.00000,0.00009,0.58317
93.90125,0.99750,0.85153,0.00000,0.00001,0.14846
94.00125,0.99750,0.99399,0.00000,0.00000,0.00601
94.10125,0.99750,0.99999,0.00000,0.00000,0.00001
94.20125,0.99751,1.00000,0.00000,0.00000,0.00000
94.30125,0.99751,1.00000,0.00000,0.00000,0.00000
94.40125,0.99750,1.00000,0.00000,0.00000,0.00000
94.50125,0.99750,1.00000,0.00000,0.00000,0.00000
94.60125,0.99750,1.00000,0.00000,0.00000,0.00000
94.70125,0.99751,1.00000,0.00000,0.00000,0.00000
94.80125,0.99751,1.00000,0.00000,0.00000,0.00000
94.90125,0.99750,1.00000,0.00000,0.00000,0.00000
95.00125,0.99750,1.00000,0.00000,0.00000,0.00000
95.10125,0.99750,0.99976,0.00000,0.00002,0.00022
95.20125,0.99751,0.97556,0.00000,0.00010,0.02434
95.30125,0.99751,0.10204,0.00000,0.00016,0.89779
95.40125,0.99750,0.00489,0.00000,0.00001,0.99510
95.50125,0.99750,0.00975,0.00000,0.00000,0.99025
95.60125,0.99750,0.06418,0.00000,0.00000,0.93582
95.70125,0.99751,0.43312,0.00000,0.00000,0.56688
95.80125,0.99751,0.97596,0.00000,0.00000,0.02404
95.90125,0.99750,0.99921,0.00000,0.00000,0.00079
96.00125,0.99750,1.00000,0.00000,0.00000,0.00000
96.10125,0.99750,1.00000,0.00000,0.00000,0.00000
96.20125,0.99751,1.00000,0.00000,0.00000,0.00000
96.30125,0.99751,1.00000,0.00000,0.00000,0.00000
96.40125,0.99750,1.00000,0.00000,0.00000,0.00000
96.50125,0.99750,1.00000,0.00000,0.00000,0.00000
96.60125,0.99750,1.00000,0.00000,0.00000,0.00000
96.70125,0.99751,1.00000,0.00000,0.00000,0.00000
96.80125,0.99751,1.00000,0.00000,0.00000,0.00000
96.90125,0.99750,1.00000,0.00000,0.00000,0.00000
97.00125,0.99750,0.99999,0.00000,0.00000,0.00000
97.10125,0.99750,0.99936,0.00000,0.00001,0.00063
97.20125,0.99751,0.75210,0.00000,0.00022,0.24767
97.30125,0.99751,0.03440,0.00000,0.00005,0.96556
97.40125,0.99750,0.02855,0.00000,0.00001,0.97144
97.50125,0.99750,0.04365,0.00000,0.00000,0.95634
97.60125,0.99750,0.32582,0.00000,0.00000,0.67418
97.70125,0.99751,0.69497,0.00000,0.00000,0.30503
97.80125,0.99751,0.99781,0.00000,0.00000,0.00219
97.90125,0.99750,1.00000,0.00000,0.00000,0.00000
98.00125,0.99750,1.00000,0.00000,0.00000,0.00000
98.10125,0.99750,1.00000,0.00000,0.00000,0.00000
98.20125,0.99751,1.00000,0.00000,0.00000,0.00000
98.30125,0.99751,1.00000,0.00000,0.00000,0.00000
98.40125,0.99750,1.00000,0.00000,0.00000,0.00000
98.50125,0.99750,1.00000,0.00000,0.00000,0.00000
98.60125,0.99750,1.00000,0.00000,0.00000,0.00000
98.70125,0.99751,1.00000,0.00000,0.00000,0.00000
98.80125,0.99751,0.99999,0.00000,0.00000,0.00001
98.90125,0.99750,0.99940,0.00000,0.00001,0.00059
99.00125,0.99750,0.95892,0.00000,0.00008,0.04100
99.10125,0.99750,0.30557,0.00000,0.00017,0.69425
99.20125,0.99751,0.03373,0.00000,0.00005,0.96623
99.30125,0.99751,0.01804,0.00000,0.00001,0.98195
99.40125,0.99750,0.03190,0.00000,0.00001,0.96810
99.50125,0.99750,0.13215,0.00000,0.00000,0.86784
99.60125,0.99750,0.71696,0.00000,0.00000,0.28304
99.70125,0.99751,0.99517,0.00000,0.00000,0.00483
99.80125,0.99751,0.99999,0.00000,0.00000,0.00001
99.90125,0.99750,1.00000,0.00000,0.00000,0.00000
100.00125,0.99750,1.00000,0.00000,0.00000,0.00000
100.10125,0.99750,1.00000,0.00000,0.00000,0.00000
100.20125,0.99751,1.00000,0.00000,0.00000,0.00000
100.30125,0.99751,1.00000,0.00000,0.00000,0.00000
100.40125,0.99750,1.00000,0.00000,0.00000,0.00000
100.50125,0.99750,1.00000,0.00000,0.00000,0.00000
100.60125,0.99750,1.00000,0.00000,0.00000,0.00000
100.70125,0.99751,1.00000,0.00000,0.00000,0.00000
100.80125,0.99751,0.99995,0.00000,0.00000,0.00005
100.90125,0.99750,0.99444,0.00000,0.00002,0.00554
101.00125,0.99750,0.47432,0.00000,0.00014,0.52554
101.10125,0.99750,0.00994,0.00000,0.00001,0.99004
101.20125,0.99751,0.01736,0.00000,0.00000,0.98264
101.30125,0.99751,0.21355,0.00000,0.00000,0.78644
101.40125,0.99750,0.87916,0.00000,0.00000,0.12084
101.50125,0.99750,0.99636,0.00000,0.00000,0.00364
101.60125,0.99750,0.99961,0.00000,0.00000,0.00039
101.70125,0.99751,1.00000,0.00000,0.00000,0.00000
101.80125,0.99751,1.00000,0.00000,0.00000,0.00000
101.90125,0.99750,1.00000,0.00000,0.00000,0.00000
102.00125,0.99750,1.00000,0.00000,0.00000,0.00000
102.10125,0.99750,1.00000,0.00000,0.00000,0.00000
102.20125,0.99751,1.00000,0.00000,0.00000,0.00000
102.30125,0.99751,0.99999,0.00000,0.00000,0.00001
102.40125,0.99750,0.99997,0.00000,0.00000,0.00003
102.50125,0.99750,0.99874,0.00000,0.00002,0.00124
102.60125,0.99750,0.98516,0.00000,0.00025,0.01459
102.70125,0.99751,0.28506,0.00000,0.00225,0.71269
102.80125,0.99751,0.01846,0.00000,0.00116,0.98038
102.90125,0.99750,0.00717,0.00000,0.00005,0.99278
103.00125,0.99750,0.01379,0.00000,0.00001,0.98620
103.10125,0.99750,0.05906,0.00000,0.00001,0.94093
103.20125,0.99751,0.25098,0.00000,0.00000,0.74902
103.30125,0.99751,0.94436,0.00000,0.00000,0.05564
103.40125,0.99750,0.99990,0.00000,0.00000,0.00010
103.50125,0.99750,0.99999,0.00000,0.00000,0.00001
103.60125,0.99750,1.00000,0.00000,0.00000,0.00000
103.70125,0.99751,1.00000,0.00000,0.00000,0.00000
103.80125,0.99751,1.00000,0.00000,0.00000,0.00000
103.90125,0.99750,1.00000,0.00000,0.00000,0.00000
104.00125,0.99750,1.00000,0.00000,0.00000,0.00000
104.10125,0.99750,1.00000,0.00000,0.00000,0.00000
104.20125,0.99751,1.00000,0.00000,0.00000,0.00000
104.30125,0.99751,0.99995,0.00000,0.00000,0.00004
104.40125,0.99750,0.99695,0.00000,0.00002,0.00303
104.50125,0.99750,0.86314,0.00000,0.00013,0.13672
104.60125,0.99750,0.06909,0.00000,0.00005,0.93086
104.70125,0.99751,0.02829,0.00000,0.00000,0.97171
104.80125,0.99751,0.44899,0.00000,0.00000,0.55100
104.90125,0.99750,0.85229,0.00000,0.00000,0.14771
105.00125,0.99750,0.98588,0.00000,0.00000,0.01412
105.10125,0.99750,0.99981,0.00000,0.00000,0.00019
105.20125,0.99751,1.00000,0.00000,0.00000,0.00000
105.30125,0.99751,1.00000,0.00000,0.00000,0.00000
105.40125,0.99750,1.00000,0.00000,0.00000,0.00000
105.50125,0.99750,1.00000,0.00000,0.00000,0.00000
105.60125,0.99750,1.00000,0.00000,0.00000,0.00000
105.70125,0.99751,1.00000,0.00000,0.00000,0.00000
105.80125,0.99751,1.00000,0.00000,0.00000,0.00000
105.90125,0.99750,1.00000,0.00000,0.00000,0.00000
106.00125,0.99750,0.99998,0.00000,0.00000,0.00002
106.10125,0.99750,0.99750,0.00000,0.00006,0.00244
106.20125,0.99751,0.73674,0.00000,0.00046,0.26280
106.30125,0.99751,0.01996,0.00000,0.00008,0.97996
106.40125,0.99750,0.00709,0.00000,0.00001,0.99290
106.50125,0.99750,0.02112,0.00000,0.00000,0.97888
106.60125,0.99750,0.49767,0.00000,0.00000,0.50233
106.70125,0.99751,0.78818,0.00000,0.00000,0.21181
106.80125,0.99751,0.97407,0.00000,0.00000,0.02593
106.90125,0.99750,0.99975,0.00000,0.00000,0.00025
107.00125,0.99750,0.99999,0.00000,0.00000,0.00001
107.10125,0.99750,1.00000,0.00000,0.00000,0.00000
107.20125,0.99751,1.00000,0.00000,0.00000,0.00000
107.30125,0.99751,1.00000,0.00000,0.00000,0.00000
107.40125,0.99750,1.00000,0.00000,0.00000,0.00000
107.50125,0.99750,1.00000,0.00000,0.00000,0.00000
107.60125,0.99750,0.99997,0.00000,0.00000,0.00003
107.70125,0.99751,0.99999,0.00000,0.00000,0.00001
107.80125,0.99751,0.99983,0.00000,0.00001,0.00016
107.90125,0.99750,0.97443,0.00000,0.00008,0.02548
108.00125,0.99750,0.19503,0.00000,0.00024,0.80473
108.10125,0.99750,0.03245,0.00000,0.00003,0.96752
108.20125,0.99751,0.10033,0.00000,0.00002,0.89965
108.30125,0.99751,0.21429,0.00000,0.00001,0.78570
108.40125,0.99750,0.36602,0.00000,0.00000,0.63398
108.50125,0.99750,0.95446,0.00000,0.00000,0.04554
108.60125,0.99750,0.99976,0.00000,0.00000,0.00023
108.70125,0.99751,0.99940,0.00000,0.00000,0.00060
108.80125,0.99751,0.99971,0.00000,0.00000,0.00029
108.90125,0.99750,0.99994,0.00000,0.00000,0.00006
109.00125,0.99750,0.99983,0.00000,0.00000,0.00017
109.10125,0.99750,0.99897,0.00000,0.00000,0.00103
109.20125,0.99751,0.99970,0.00000,0.00000,0.00030
109.30125,0.99751,0.99965,0.00000,0.00000,0.00035
109.40125,0.99750,0.99811,0.00000,0.00000,0.00188
109.50125,0.99750,0.85788,0.00000,0.00001,0.14211
109.60125,0.99750,0.05863,0.00000,0.00001,0.94137
109.70125,0.99751,0.01149,0.00000,0.00000,0.98851
109.80125,0.99751,0.02271,0.00000,0.00000,0.97729
109.90125,0.99750,0.07899,0.00000,0.00000,0.92101
110.00125,0.99750,0.29067,0.00000,0.00000,0.70933
110.10125,0.99750,0.72415,0.00000,0.00000,0.27585
110.20125,0.99751,0.99944,0.00000,0.00000,0.00056
110.30125,0.99751,0.99763,0.00000,0.00000,0.00237
110.40125,0.99750,0.99951,0.00000,0.00000,0.00049
110.50125,0.99750,0.99982,0.00000,0.00000,0.00018
110.60125,0.99750,0.99962,0.00000,0.00000,0.00038
110.70125,0.99751,0.99993,0.00000,0.00000,0.00007
110.80125,0.99751,0.99986,0.00000,0.00000,0.00014
110.90125,0.99750,0.99957,0.00000,0.00000,0.00043
111.00125,0.99750,0.99768,0.00000,0.00000,0.00232
111.10125,0.99750,0.98156,0.00000,0.00000,0.01844
111.20125,0.99751,0.29788,0.00000,0.00000,0.70211
111.30125,0.99751,0.04774,0.00000,0.00000,0.95226
111.40125,0.99750,0.02908,0.00000,0.00000,0.97092
111.50125,0.99750,0.17007,0.00000,0.00000,0.82993
111.60125,0.99750,0.50967,0.00000,0.00000,0.49033
111.70125,0.99751,0.79638,0.00000,0.00000,0.20362
111.80125,0.99751,0.97822,0.00000,0.00000,0.02178
111.90125,0.99750,0.99916,0.00000,0.00000,0.00084
112.00125,0.99750,0.99855,0.00000,0.00000,0.00145
112.10125,0.99750,0.99957,0.00000,0.00000,0.00043
112.20125,0.99751,0.99840,0.00000,0.00000,0.00160
112.30125,0.99751,0.99934,0.00000,0.00000,0.00066
112.40125,0.99750,0.99978,0.00000,0.00000,0.00022
112.50125,0.99750,0.99810,0.00000,0.00000,0.00190
112.60125,0.99750,0.98366,0.00000,0.00000,0.01633
112.70125,0.99751,0.87527,0.00000,0.00001,0.12472
112.80125,0.99751,0.32162,0.00000,0.00001,0.67837
112.90125,0.99750,0.01203,0.00000,0.00000,0.98797
113.00125,0.99750,0.02420,0.00000,0.00000,0.97580
113.10125,0.99750,0.03003,0.00000,0.00000,0.96997
113.20125,0.99751,0.11067,0.00000,0.00000,0.88933
113.30125,0.99751,0.36348,0.00000,0.00000,0.63652
113.40125,0.99750,0.75743,0.00000,0.00000,0.24257
113.50125,0.99750,0.97846,0.00000,0.00000,0.02154
113.60125,0.99750,0.98583,0.00000,0.00000,0.01417
113.70125,0.99751,0.99891,0.00000,0.00000,0.00109
113.80125,0.99751,0.99994,0.00000,0.00000,0.00006
113.90125,0.99750,0.99900,0.00000,0.00000,0.00100
114.00125,0.99750,0.99968,0.00000,0.00000,0.00032
114.10125,0.99750,0.99969,0.00000,0.00000,0.00031
114.20125,0.99751,0.99998,0.00000,0.00000,0.00002
114.30125,0.99751,0.99994,0.00000,0.00000,0.00006
114.40125,0.99750,0.99998,0.00000,0.00000,0.00002
114.50125,0.99750,1.00000,0.00000,0.00000,0.00000
