Time(Seconds),Length(Seconds),Label(string),Confidence(double),Comment(string)
1.0360052,1.0849994,Jab_R,1,
2.8385044,1.1024994,Jab_R,1,
4.3435037,0.9624995,Jab_R,1,
5.9885029,1.0324995,Jab_R,1,
7.5635022,0.9624995,Jab_R,1,
9.2785014,1.0499995,Jab_R,1,
10.7135007,1.0849994,Jab_R,1,
12.1835,1.1199994,Jab_R,1,
13.7238943,0.9449995,Jab_R,1,
15.2988935,1.0499995,Jab_R,1,
16.9613928,1.0324995,Jab_R,1,
18.4488921,1.0324995,Jab_R,1,
19.8663914,1.1199994,Jab_R,1,
21.3363907,1.0849994,Jab_R,1,
22.8063901,1.0499995,Jab_R,1,
24.2413894,1.1374994,Jab_R,1,
25.6938887,1.2249994,Jab_R,1,
27.198888,1.0149995,Jab_R,1,
28.565952,1.0499995,Jab_R,1,
29.8784514,1.0674994,Jab_R,1,
31.3659507,1.1024994,Jab_R,1,
33.1509499,1.0149995,Jab_R,1,
34.6034492,1.0674994,Jab_R,1,
36.0734485,1.0499995,Jab_R,1,
37.5434478,1.0324995,Jab_R,1,
39.0484471,0.9799995,Jab_R,1,
40.6021733,0.9099995,Jab_R,1,
41.9671727,1.0674995,Jab_R,1,
43.2971721,1.0849994,Jab_R,1,
44.7846714,0.9974995,Jab_R,1,
46.0796708,1.1374994,Jab_R,1,
47.4971701,0.9799995,Jab_R,1,
48.8271695,0.9274995,Jab_R,1,
50.1746689,0.9974995,Jab_R,1,
51.5921682,0.9799995,Jab_R,1,
52.8521676,1.0149995,Jab_R,1,
54.217167,1.1024994,Jab_R,1,
55.6758989,0.9624995,Jab_R,1,
56.9533983,0.9799995,Jab_R,1,
58.2833977,1.0499995,Jab_R,1,
59.6308971,1.0499995,Jab_R,1,
61.2408963,1.0324995,Jab_R,1,
63.0083955,1.0674995,Jab_R,1,
65.0383946,0.9449995,Jab_R,1,
66.6627517,1.0674994,Jab_R,1,
68.4302508,1.0499995,Jab_R,1,
69.9877501,1.1549994,Jab_R,1,
71.6677493,1.0674994,Jab_R,1,
73.0502487,1.1199994,Jab_R,1,
74.5902479,1.1724994,Jab_R,1,
76.2352472,1.0849994,Jab_R,1,
77.6527465,1.1024994,Jab_R,1,
79.2537662,1.1549994,Jab_R,1,
80.8637655,1.0849994,Jab_R,1,
82.4212648,1.0324995,Jab_R,1,
83.996264,1.0149995,Jab_R,1,
85.3962634,1.1549994,Jab_R,1,
86.9712627,1.1724994,Jab_R,1,
88.5287619,1.0499995,Jab_R,1,
89.9812613,1.0149995,Jab_R,1,
