Time(Seconds),Length(Seconds),Label(string),Confidence(double),Comment(string)
1.8616918,1.4187243,Sidehook_R,1,
3.8097908,1.2493244,Sidehook_R,1,
5.9908148,1.4187243,Sidehook_R,1,
8.3835887,1.4610743,Sidehook_R,1,
10.7340125,1.4398993,Sidehook_R,1,
12.6821116,1.5245992,Sidehook_R,1,
15.0537105,1.5034242,Sidehook_R,1,
17.0653345,1.4187243,Sidehook_R,1,
19.2887144,1.3763743,Sidehook_R,1,
21.1521135,1.5881242,Sidehook_R,1,
23.8836872,1.4822492,Sidehook_R,1,
26.445861,1.5457742,Sidehook_R,1,
28.9021598,1.6092992,Sidehook_R,1,
45.101038,1.3975493,Sidehook_R,1,
46.9644371,1.3975493,Sidehook_R,1,
49.5477859,1.4398993,Sidehook_R,1,
52.5122845,1.3340243,Sidehook_R,1,
55.2862165,1.2704993,Sidehook_R,1,
57.8907403,1.3551993,Sidehook_R,1,
60.1352892,1.4610742,Sidehook_R,1,
62.9515628,1.5245992,Sidehook_R,1,
65.4290366,1.4822492,Sidehook_R,1,
68.1606103,1.3975493,Sidehook_R,1,
70.5322082,1.3975493,Sidehook_R,1,
72.8191071,1.5669492,Sidehook_R,1,
74.8942561,1.5245992,Sidehook_R,1,
91.4742762,1.3975493,Sidehook_R,1,
93.1259254,1.4610742,Sidehook_R,1,
95.4551743,1.4187243,Sidehook_R,1,
97.6361983,1.3975493,Sidehook_R,1,
99.8172222,1.3340243,Sidehook_R,1,
102.1888211,1.5457742,Sidehook_R,1,
104.8145259,1.4610742,Sidehook_R,1,
107.3766997,1.4187243,Sidehook_R,1,
109.9819111,1.4001305,Sidehook_R,1,
113.2700966,1.4849869,Sidehook_R,1,
115.5187912,1.5062011,Sidehook_R,1,
118.0056366,1.5698432999999998,Sidehook_R,1,
120.0209761,1.6759138,Sidehook_R,1,
135.66958,1.4187243,Sidehook_R,1,
138.0411789,1.5457742,Sidehook_R,1,
141.2127568,1.4213447000000001,Sidehook_R,1,
145.7912251,1.6939991,Sidehook_R,1,
148.4380988,1.4610742,Sidehook_R,1,
150.9790976,1.3340243,Sidehook_R,1,
153.062194,1.6334856000000002,Sidehook_R,1,
155.8070032,1.6092992,Sidehook_R,1,
158.432702,1.6516492,Sidehook_R,1,
161.2066256,1.3975493,Sidehook_R,1,
163.4088246,1.3975493,Sidehook_R,1,
165.5263235,1.3763743,Sidehook_R,1,
