Time (seconds), Duration (seconds),pred_(unlabeled),pred_Jab_R,pred_Sidehook_R,pred_Uppercut_R
0.00125,0.99750,1.00000,0.00000,0.00000,0.00000
0.10125,0.99750,1.00000,0.00000,0.00000,0.00000
0.20125,0.99750,1.00000,0.00000,0.00000,0.00000
0.30125,0.99750,1.00000,0.00000,0.00000,0.00000
0.40125,0.99750,0.99999,0.00001,0.00000,0.00000
0.50125,0.99750,0.99993,0.00007,0.00000,0.00000
0.60125,0.99750,0.99863,0.00137,0.00000,0.00000
0.70125,0.99750,0.98073,0.01927,0.00000,0.00000
0.80125,0.99750,0.82272,0.17725,0.00004,0.00000
0.90125,0.99750,0.43692,0.56301,0.00007,0.00000
1.00125,0.99750,0.89743,0.10250,0.00007,0.00000
1.10125,0.99750,0.99603,0.00397,0.00000,0.00000
1.20125,0.99750,0.99967,0.00033,0.00000,0.00000
1.30125,0.99750,0.99998,0.00002,0.00000,0.00000
1.40125,0.99750,1.00000,0.00000,0.00000,0.00000
1.50125,0.99750,1.00000,0.00000,0.00000,0.00000
1.60125,0.99750,1.00000,0.00000,0.00000,0.00000
1.70125,0.99750,1.00000,0.00000,0.00000,0.00000
1.80125,0.99750,1.00000,0.00000,0.00000,0.00000
1.90125,0.99750,0.99998,0.00002,0.00000,0.00000
2.00125,0.99750,0.99963,0.00037,0.00000,0.00000
2.10125,0.99750,0.99283,0.00713,0.00003,0.00000
2.20125,0.99750,0.89785,0.10133,0.00082,0.00000
2.30125,0.99750,0.16430,0.83299,0.00271,0.00000
2.40125,0.99750,0.61432,0.38365,0.00203,0.00000
2.50125,0.99750,0.96949,0.03044,0.00008,0.00000
2.60125,0.99750,0.99852,0.00148,0.00000,0.00000
2.70125,0.99750,0.99990,0.00010,0.00001,0.00000
2.80125,0.99750,1.00000,0.00000,0.00000,0.00000
2.90125,0.99750,1.00000,0.00000,0.00000,0.00000
3.00125,0.99750,1.00000,0.00000,0.00000,0.00000
3.10125,0.99750,1.00000,0.00000,0.00000,0.00000
3.20125,0.99750,1.00000,0.00000,0.00000,0.00000
3.30125,0.99750,1.00000,0.00000,0.00000,0.00000
3.40125,0.99750,1.00000,0.00000,0.00000,0.00000
3.50125,0.99750,0.99994,0.00006,0.00000,0.00000
3.60125,0.99750,0.99874,0.00126,0.00000,0.00000
3.70125,0.99750,0.97097,0.02898,0.00005,0.00000
3.80125,0.99750,0.32444,0.67512,0.00043,0.00000
3.90125,0.99750,0.31138,0.68844,0.00018,0.00000
4.00125,0.99750,0.92594,0.07404,0.00002,0.00000
4.10125,0.99750,0.99250,0.00750,0.00000,0.00000
4.20125,0.99750,0.99936,0.00064,0.00000,0.00000
4.30125,0.99750,0.99996,0.00004,0.00000,0.00000
4.40125,0.99750,1.00000,0.00000,0.00000,0.00000
4.50125,0.99750,1.00000,0.00000,0.00000,0.00000
4.60125,0.99750,1.00000,0.00000,0.00000,0.00000
4.70125,0.99750,1.00000,0.00000,0.00000,0.00000
4.80125,0.99750,1.00000,0.00000,0.00000,0.00000
4.90125,0.99750,0.99996,0.00004,0.00000,0.00000
5.00125,0.99750,0.99957,0.00042,0.00000,0.00000
5.10125,0.99750,0.99466,0.00533,0.00001,0.00000
5.20125,0.99750,0.92127,0.07843,0.00030,0.00000
5.30125,0.99750,0.20163,0.79718,0.00120,0.00000
5.40125,0.99750,0.47764,0.52042,0.00193,0.00000
5.50125,0.99750,0.95221,0.04766,0.00014,0.00000
5.60125,0.99750,0.99656,0.00343,0.00001,0.00000
5.70125,0.99750,0.99973,0.00026,0.00001,0.00000
5.80125,0.99750,0.99998,0.00001,0.00000,0.00000
5.90125,0.99750,1.00000,0.00000,0.00000,0.00000
6.00125,0.99750,1.00000,0.00000,0.00000,0.00000
6.10125,0.99750,1.00000,0.00000,0.00000,0.00000
6.20125,0.99750,1.00000,0.00000,0.00000,0.00000
6.30125,0.99750,0.99998,0.00002,0.00000,0.00000
6.40125,0.99750,0.99979,0.00021,0.00000,0.00000
6.50125,0.99750,0.99873,0.00126,0.00000,0.00000
6.60125,0.99750,0.96993,0.03002,0.00004,0.00000
6.70125,0.99750,0.59677,0.40266,0.00057,0.00000
6.80125,0.99750,0.13665,0.86311,0.00024,0.00000
6.90125,0.99750,0.77838,0.22154,0.00008,0.00000
7.00125,0.99750,0.97820,0.02180,0.00000,0.00000
7.10125,0.99750,0.99838,0.00162,0.00000,0.00000
7.20125,0.99750,0.99991,0.00009,0.00000,0.00000
7.30125,0.99750,0.99999,0.00001,0.00000,0.00000
7.40125,0.99750,1.00000,0.00000,0.00000,0.00000
7.50125,0.99750,1.00000,0.00000,0.00000,0.00000
7.60125,0.99750,1.00000,0.00000,0.00000,0.00000
7.70125,0.99750,1.00000,0.00000,0.00000,0.00000
7.80125,0.99750,1.00000,0.00000,0.00000,0.00000
7.90125,0.99750,0.99996,0.00004,0.00000,0.00000
8.00125,0.99750,0.99960,0.00040,0.00000,0.00000
8.10125,0.99750,0.99426,0.00573,0.00000,0.00000
8.20125,0.99750,0.89904,0.10089,0.00007,0.00000
8.30125,0.99750,0.19077,0.80911,0.00012,0.00000
8.40125,0.99750,0.31156,0.68831,0.00013,0.00000
8.50125,0.99750,0.93362,0.06637,0.00001,0.00000
8.60125,0.99750,0.99557,0.00443,0.00000,0.00000
8.70125,0.99750,0.99971,0.00029,0.00000,0.00000
8.80125,0.99750,0.99998,0.00001,0.00000,0.00000
8.90125,0.99750,1.00000,0.00000,0.00000,0.00000
9.00125,0.99750,0.99999,0.00001,0.00000,0.00000
9.10125,0.99750,0.99999,0.00001,0.00000,0.00000
9.20125,0.99750,0.99999,0.00001,0.00000,0.00000
9.30125,0.99750,0.99995,0.00005,0.00000,0.00000
9.40125,0.99750,0.99970,0.00030,0.00000,0.00000
9.50125,0.99750,0.99685,0.00314,0.00000,0.00000
9.60125,0.99750,0.93840,0.06151,0.00009,0.00000
9.70125,0.99750,0.40811,0.59087,0.00103,0.00000
9.80125,0.99750,0.10456,0.89442,0.00101,0.00000
9.90125,0.99750,0.73113,0.26836,0.00051,0.00000
10.00125,0.99750,0.97712,0.02285,0.00002,0.00000
10.10125,0.99750,0.99860,0.00140,0.00000,0.00000
10.20125,0.99750,0.99995,0.00005,0.00001,0.00000
10.30125,0.99750,0.99999,0.00001,0.00000,0.00000
10.40125,0.99750,0.99998,0.00001,0.00001,0.00000
10.50125,0.99750,0.99999,0.00001,0.00000,0.00000
10.60125,0.99750,0.99999,0.00001,0.00000,0.00000
10.70125,0.99750,0.99998,0.00002,0.00000,0.00000
10.80125,0.99750,0.99989,0.00011,0.00000,0.00000
10.90125,0.99750,0.99881,0.00119,0.00000,0.00000
11.00125,0.99750,0.98158,0.01841,0.00001,0.00000
11.10125,0.99750,0.66370,0.33622,0.00008,0.00000
11.20125,0.99750,0.06918,0.93080,0.00002,0.00000
11.30125,0.99750,0.38210,0.61789,0.00001,0.00000
11.40125,0.99750,0.87823,0.12177,0.00000,0.00000
11.50125,0.99750,0.98963,0.01037,0.00000,0.00000
11.60125,0.99750,0.99890,0.00110,0.00000,0.00000
11.70125,0.99750,0.99996,0.00004,0.00000,0.00000
11.80125,0.99750,0.99999,0.00001,0.00000,0.00000
11.90125,0.99750,0.99999,0.00001,0.00000,0.00000
12.00125,0.99750,0.99999,0.00001,0.00000,0.00000
12.10125,0.99750,0.99999,0.00001,0.00000,0.00000
12.20125,0.99750,0.99991,0.00009,0.00000,0.00000
12.30125,0.99750,0.99952,0.00048,0.00000,0.00000
12.40125,0.99750,0.99588,0.00412,0.00000,0.00000
12.50125,0.99750,0.94506,0.05492,0.00003,0.00000
12.60125,0.99750,0.24010,0.75960,0.00029,0.00000
12.70125,0.99750,0.24241,0.75728,0.00031,0.00000
12.80125,0.99750,0.78465,0.21528,0.00008,0.00000
12.90125,0.99750,0.98161,0.01839,0.00000,0.00000
13.00125,0.99750,0.99881,0.00119,0.00000,0.00000
13.10125,0.99750,0.99993,0.00007,0.00000,0.00000
13.20125,0.99750,1.00000,0.00000,0.00000,0.00000
13.30125,0.99750,1.00000,0.00000,0.00000,0.00000
13.40125,0.99750,1.00000,0.00000,0.00000,0.00000
13.50125,0.99750,0.99999,0.00000,0.00000,0.00000
13.60125,0.99750,0.99997,0.00003,0.00000,0.00000
13.70125,0.99750,0.99965,0.00035,0.00000,0.00000
13.80125,0.99750,0.99803,0.00197,0.00000,0.00000
13.90125,0.99750,0.97474,0.02525,0.00000,0.00000
14.00125,0.99750,0.45053,0.54945,0.00002,0.00000
14.10125,0.99750,0.27730,0.72268,0.00002,0.00000
14.20125,0.99750,0.65876,0.34123,0.00001,0.00000
14.30125,0.99750,0.97128,0.02872,0.00000,0.00000
14.40125,0.99750,0.99768,0.00232,0.00000,0.00000
14.50125,0.99750,0.99991,0.00009,0.00000,0.00000
14.60125,0.99750,0.99999,0.00001,0.00000,0.00000
14.70125,0.99750,0.99999,0.00001,0.00000,0.00000
14.80125,0.99750,0.99999,0.00001,0.00000,0.00000
14.90125,0.99750,0.99999,0.00001,0.00000,0.00000
15.00125,0.99750,0.99998,0.00002,0.00000,0.00000
15.10125,0.99750,0.99987,0.00013,0.00000,0.00000
15.20125,0.99750,0.99880,0.00120,0.00000,0.00000
15.30125,0.99750,0.98320,0.01678,0.00002,0.00000
15.40125,0.99750,0.66143,0.33835,0.00022,0.00000
15.50125,0.99750,0.30274,0.69718,0.00008,0.00000
15.60125,0.99750,0.81162,0.18836,0.00002,0.00000
15.70125,0.99750,0.98646,0.01354,0.00000,0.00000
15.80125,0.99750,0.99872,0.00128,0.00000,0.00000
15.90125,0.99750,0.99995,0.00005,0.00000,0.00000
16.00125,0.99750,0.99997,0.00003,0.00000,0.00000
16.10125,0.99750,0.99997,0.00003,0.00000,0.00000
16.20125,0.99750,0.99996,0.00004,0.00000,0.00000
16.30125,0.99750,0.99995,0.00005,0.00000,0.00000
16.40125,0.99750,0.99983,0.00017,0.00000,0.00000
16.50125,0.99750,0.99861,0.00139,0.00000,0.00000
16.60125,0.99750,0.98707,0.01293,0.00000,0.00000
16.70125,0.99750,0.84556,0.15443,0.00001,0.00000
16.80125,0.99750,0.26183,0.73803,0.00014,0.00000
16.90125,0.99750,0.05870,0.94124,0.00007,0.00000
17.00125,0.99750,0.61959,0.38039,0.00003,0.00000
17.10125,0.99750,0.95896,0.04104,0.00000,0.00000
17.20125,0.99750,0.99801,0.00199,0.00000,0.00000
17.30125,0.99750,0.99984,0.00013,0.00003,0.00000
17.40125,0.99750,0.99986,0.00010,0.00004,0.00000
17.50125,0.99750,0.99979,0.00015,0.00006,0.00000
17.60125,0.99750,0.99986,0.00014,0.00000,0.00000
17.70125,0.99750,0.99984,0.00016,0.00000,0.00000
17.80125,0.99750,0.99977,0.00023,0.00000,0.00000
17.90125,0.99750,0.99843,0.00157,0.00000,0.00000
18.00125,0.99750,0.97485,0.02515,0.00000,0.00000
18.10125,0.99750,0.72434,0.27561,0.00005,0.00000
18.20125,0.99750,0.10793,0.89204,0.00002,0.00000
18.30125,0.99750,0.43213,0.56785,0.00001,0.00000
18.40125,0.99750,0.88936,0.11064,0.00000,0.00000
18.50125,0.99750,0.98954,0.01046,0.00000,0.00000
18.60125,0.99750,0.99947,0.00053,0.00000,0.00000
18.70125,0.99750,0.99997,0.00003,0.00000,0.00000
18.80125,0.99750,0.99998,0.00002,0.00000,0.00000
18.90125,0.99750,0.99998,0.00002,0.00000,0.00000
19.00125,0.99750,0.99998,0.00002,0.00000,0.00000
19.10125,0.99750,0.99993,0.00007,0.00000,0.00000
19.20125,0.99750,0.99956,0.00044,0.00000,0.00000
19.30125,0.99750,0.99623,0.00377,0.00000,0.00000
19.40125,0.99750,0.97247,0.02753,0.00000,0.00000
19.50125,0.99750,0.62658,0.37342,0.00001,0.00000
19.60125,0.99750,0.10221,0.89779,0.00000,0.00000
19.70125,0.99750,0.37503,0.62497,0.00000,0.00000
19.80125,0.99750,0.88356,0.11644,0.00000,0.00000
19.90125,0.99750,0.99055,0.00945,0.00000,0.00000
20.00125,0.99750,0.99947,0.00053,0.00000,0.00000
20.10125,0.99750,0.99996,0.00004,0.00000,0.00000
20.20125,0.99750,0.99993,0.00007,0.00000,0.00000
20.30125,0.99750,0.99991,0.00009,0.00000,0.00000
20.40125,0.99750,0.99989,0.00011,0.00000,0.00000
20.50125,0.99750,0.99989,0.00011,0.00000,0.00000
20.60125,0.99750,0.99828,0.00172,0.00000,0.00000
20.70125,0.99750,0.98681,0.01319,0.00000,0.00000
20.80125,0.99750,0.91446,0.08553,0.00001,0.00000
20.90125,0.99750,0.18126,0.81872,0.00003,0.00000
21.00125,0.99750,0.12958,0.87041,0.00002,0.00000
21.10125,0.99750,0.77389,0.22610,0.00001,0.00000
21.20125,0.99750,0.97988,0.02012,0.00000,0.00000
21.30125,0.99750,0.99832,0.00168,0.00000,0.00000
21.40125,0.99750,0.99990,0.00010,0.00000,0.00000
21.50125,0.99750,0.99996,0.00004,0.00000,0.00000
21.60125,0.99750,0.99995,0.00005,0.00000,0.00000
21.70125,0.99750,0.99994,0.00006,0.00000,0.00000
21.80125,0.99750,0.99993,0.00007,0.00000,0.00000
21.90125,0.99750,0.99970,0.00030,0.00000,0.00000
22.00125,0.99750,0.99780,0.00220,0.00000,0.00000
22.10125,0.99750,0.98244,0.01756,0.00000,0.00000
22.20125,0.99750,0.75544,0.24456,0.00000,0.00000
22.30125,0.99750,0.10394,0.89605,0.00000,0.00000
22.40125,0.99750,0.34390,0.65609,0.00001,0.00000
22.50125,0.99750,0.89006,0.10994,0.00000,0.00000
22.60125,0.99750,0.99001,0.00999,0.00000,0.00000
22.70125,0.99750,0.99940,0.00060,0.00000,0.00000
22.80125,0.99750,0.99997,0.00003,0.00000,0.00000
22.90125,0.99750,0.99997,0.00002,0.00000,0.00000
23.00125,0.99750,0.99997,0.00003,0.00000,0.00000
23.10125,0.99750,0.99997,0.00003,0.00000,0.00000
23.20125,0.99750,0.99997,0.00003,0.00000,0.00000
23.30125,0.99750,0.99975,0.00025,0.00000,0.00000
23.40125,0.99750,0.99703,0.00297,0.00000,0.00000
23.50125,0.99750,0.98131,0.01868,0.00001,0.00000
23.60125,0.99750,0.69514,0.30458,0.00028,0.00000
23.70125,0.99750,0.16891,0.83082,0.00027,0.00000
23.80125,0.99750,0.55601,0.44374,0.00024,0.00001
23.90125,0.99750,0.94948,0.05051,0.00001,0.00000
24.00125,0.99750,0.99735,0.00265,0.00000,0.00000
24.10125,0.99750,0.99984,0.00016,0.00000,0.00000
24.20125,0.99750,0.99997,0.00003,0.00001,0.00000
24.30125,0.99750,0.99995,0.00004,0.00001,0.00000
24.40125,0.99750,0.99995,0.00005,0.00000,0.00000
24.50125,0.99750,0.99992,0.00008,0.00000,0.00000
24.60125,0.99750,0.99986,0.00014,0.00000,0.00000
24.70125,0.99750,0.99898,0.00102,0.00000,0.00000
24.80125,0.99750,0.98648,0.01352,0.00000,0.00000
24.90125,0.99750,0.88985,0.11014,0.00001,0.00000
25.00125,0.99750,0.13168,0.86830,0.00003,0.00000
25.10125,0.99750,0.12576,0.87422,0.00002,0.00000
25.20125,0.99750,0.76952,0.23047,0.00001,0.00000
25.30125,0.99750,0.98227,0.01773,0.00000,0.00000
25.40125,0.99750,0.99921,0.00079,0.00000,0.00000
25.50125,0.99750,0.99991,0.00007,0.00002,0.00000
25.60125,0.99750,0.99987,0.00009,0.00004,0.00000
25.70125,0.99750,0.99987,0.00012,0.00002,0.00000
25.80125,0.99750,0.99988,0.00012,0.00000,0.00000
25.90125,0.99750,0.99985,0.00015,0.00000,0.00000
26.00125,0.99750,0.99880,0.00120,0.00000,0.00000
26.10125,0.99750,0.99244,0.00756,0.00000,0.00000
26.20125,0.99750,0.86048,0.13949,0.00002,0.00000
26.30125,0.99750,0.24195,0.75794,0.00011,0.00000
26.40125,0.99750,0.24486,0.75506,0.00008,0.00000
26.50125,0.99750,0.85732,0.14266,0.00002,0.00000
26.60125,0.99750,0.98525,0.01475,0.00000,0.00000
26.70125,0.99750,0.99891,0.00109,0.00000,0.00000
26.80125,0.99750,0.99995,0.00005,0.00000,0.00000
26.90125,0.99750,0.99999,0.00001,0.00000,0.00000
27.00125,0.99750,1.00000,0.00000,0.00000,0.00000
27.10125,0.99750,1.00000,0.00000,0.00000,0.00000
27.20125,0.99750,1.00000,0.00000,0.00000,0.00000
27.30125,0.99750,1.00000,0.00000,0.00000,0.00000
27.40125,0.99750,1.00000,0.00000,0.00000,0.00000
27.50125,0.99750,1.00000,0.00000,0.00000,0.00000
27.60125,0.99750,1.00000,0.00000,0.00000,0.00000
27.70125,0.99750,1.00000,0.00000,0.00000,0.00000
27.80125,0.99750,1.00000,0.00000,0.00000,0.00000
27.90125,0.99750,1.00000,0.00000,0.00000,0.00000
28.00125,0.99750,1.00000,0.00000,0.00000,0.00000
28.10125,0.99750,1.00000,0.00000,0.00000,0.00000
28.20125,0.99750,1.00000,0.00000,0.00000,0.00000
28.30125,0.99750,1.00000,0.00000,0.00000,0.00000
28.40125,0.99750,1.00000,0.00000,0.00000,0.00000
28.50125,0.99750,1.00000,0.00000,0.00000,0.00000
28.60125,0.99750,1.00000,0.00000,0.00000,0.00000
28.70125,0.99750,1.00000,0.00000,0.00000,0.00000
28.80125,0.99750,1.00000,0.00000,0.00000,0.00000
28.90125,0.99750,1.00000,0.00000,0.00000,0.00000
29.00125,0.99750,1.00000,0.00000,0.00000,0.00000
29.10125,0.99750,0.99993,0.00000,0.00000,0.00007
29.20125,0.99750,0.99950,0.00000,0.00006,0.00044
29.30125,0.99750,0.99906,0.00000,0.00078,0.00016
29.40125,0.99750,0.99249,0.00000,0.00751,0.00000
29.50125,0.99750,0.97130,0.00000,0.02870,0.00000
29.60125,0.99750,0.95172,0.00000,0.04828,0.00000
29.70125,0.99750,0.55691,0.00000,0.44309,0.00000
29.80125,0.99750,0.09166,0.00000,0.90834,0.00000
29.90125,0.99750,0.03715,0.00000,0.96285,0.00000
30.00125,0.99750,0.02478,0.00000,0.97521,0.00000
30.10125,0.99750,0.52287,0.00000,0.47713,0.00000
30.20125,0.99750,0.98328,0.00000,0.01672,0.00000
30.30125,0.99750,0.99893,0.00001,0.00106,0.00000
30.40125,0.99750,0.99890,0.00033,0.00077,0.00000
30.50125,0.99750,0.99563,0.00064,0.00373,0.00000
30.60125,0.99750,0.98787,0.00336,0.00876,0.00000
30.70125,0.99750,0.97442,0.00001,0.02557,0.00000
30.80125,0.99750,0.97766,0.00000,0.02234,0.00000
30.90125,0.99750,0.98740,0.00000,0.01260,0.00000
31.00125,0.99750,0.96922,0.00000,0.03078,0.00000
31.10125,0.99750,0.50424,0.00000,0.49576,0.00000
31.20125,0.99750,0.04315,0.00000,0.95685,0.00000
31.30125,0.99750,0.01321,0.00000,0.98679,0.00000
31.40125,0.99750,0.01957,0.00000,0.98043,0.00000
31.50125,0.99750,0.28038,0.00000,0.71962,0.00000
31.60125,0.99750,0.93487,0.00000,0.06513,0.00000
31.70125,0.99750,0.99958,0.00001,0.00041,0.00000
31.80125,0.99750,0.99995,0.00001,0.00004,0.00000
31.90125,0.99750,0.99998,0.00002,0.00001,0.00000
32.00125,0.99750,0.99999,0.00000,0.00000,0.00000
32.10125,0.99750,1.00000,0.00000,0.00000,0.00000
32.20125,0.99750,0.99999,0.00000,0.00001,0.00000
32.30125,0.99750,0.99999,0.00000,0.00001,0.00000
32.40125,0.99750,0.99994,0.00000,0.00006,0.00000
32.50125,0.99750,0.99954,0.00000,0.00046,0.00000
32.60125,0.99750,0.99297,0.00000,0.00703,0.00000
32.70125,0.99750,0.83988,0.00000,0.16012,0.00000
32.80125,0.99750,0.21673,0.00000,0.78327,0.00000
32.90125,0.99750,0.02983,0.00000,0.97017,0.00000
33.00125,0.99750,0.02026,0.00000,0.97974,0.00000
33.10125,0.99750,0.20302,0.00000,0.79698,0.00000
33.20125,0.99750,0.88222,0.00000,0.11778,0.00000
33.30125,0.99750,0.99883,0.00002,0.00116,0.00000
33.40125,0.99750,0.99986,0.00009,0.00005,0.00000
33.50125,0.99750,0.99954,0.00011,0.00035,0.00000
33.60125,0.99750,0.99758,0.00091,0.00151,0.00000
33.70125,0.99750,0.99772,0.00030,0.00198,0.00000
33.80125,0.99750,0.99649,0.00000,0.00351,0.00000
33.90125,0.99750,0.99829,0.00000,0.00171,0.00000
34.00125,0.99750,0.99830,0.00000,0.00170,0.00000
34.10125,0.99750,0.98054,0.00000,0.01946,0.00000
34.20125,0.99750,0.62507,0.00001,0.37492,0.00000
34.30125,0.99750,0.04261,0.00001,0.95738,0.00000
34.40125,0.99750,0.02319,0.00000,0.97681,0.00000
34.50125,0.99750,0.27896,0.00001,0.72103,0.00000
34.60125,0.99750,0.94859,0.00000,0.05140,0.00000
34.70125,0.99750,0.99736,0.00000,0.00264,0.00000
34.80125,0.99750,0.99870,0.00017,0.00113,0.00000
34.90125,0.99750,0.99774,0.00026,0.00199,0.00002
35.00125,0.99750,0.99273,0.00154,0.00572,0.00002
35.10125,0.99750,0.98620,0.00004,0.01373,0.00003
35.20125,0.99750,0.96976,0.00000,0.03024,0.00000
35.30125,0.99750,0.98767,0.00000,0.01233,0.00000
35.40125,0.99750,0.98057,0.00000,0.01943,0.00000
35.50125,0.99750,0.72228,0.00000,0.27772,0.00000
35.60125,0.99750,0.07198,0.00000,0.92802,0.00000
35.70125,0.99750,0.00992,0.00000,0.99008,0.00000
35.80125,0.99750,0.01056,0.00000,0.98944,0.00000
35.90125,0.99750,0.09098,0.00000,0.90902,0.00000
36.00125,0.99750,0.76808,0.00000,0.23192,0.00000
36.10125,0.99750,0.99741,0.00000,0.00259,0.00000
36.20125,0.99750,0.99935,0.00053,0.00012,0.00000
36.30125,0.99750,0.99861,0.00053,0.00086,0.00000
36.40125,0.99750,0.99545,0.00277,0.00178,0.00000
36.50125,0.99750,0.99623,0.00124,0.00254,0.00000
36.60125,0.99750,0.99312,0.00000,0.00688,0.00000
36.70125,0.99750,0.99219,0.00000,0.00781,0.00000
36.80125,0.99750,0.99346,0.00000,0.00654,0.00000
36.90125,0.99750,0.92852,0.00000,0.07148,0.00000
37.00125,0.99750,0.25111,0.00000,0.74889,0.00000
37.10125,0.99750,0.01573,0.00000,0.98427,0.00000
37.20125,0.99750,0.00599,0.00000,0.99401,0.00000
37.30125,0.99750,0.01195,0.00000,0.98805,0.00000
37.40125,0.99750,0.11668,0.00000,0.88332,0.00000
37.50125,0.99750,0.78199,0.00000,0.21801,0.00000
37.60125,0.99750,0.99661,0.00003,0.00336,0.00000
37.70125,0.99750,0.99461,0.00121,0.00418,0.00000
37.80125,0.99750,0.98939,0.00148,0.00913,0.00000
37.90125,0.99750,0.98586,0.00082,0.01329,0.00004
38.00125,0.99750,0.97382,0.00002,0.02613,0.00003
38.10125,0.99750,0.94841,0.00000,0.05158,0.00001
38.20125,0.99750,0.98262,0.00000,0.01738,0.00000
38.30125,0.99750,0.97716,0.00000,0.02284,0.00000
38.40125,0.99750,0.84943,0.00000,0.15057,0.00000
38.50125,0.99750,0.14471,0.00000,0.85529,0.00000
38.60125,0.99750,0.02878,0.00000,0.97122,0.00000
38.70125,0.99750,0.03905,0.00000,0.96095,0.00000
38.80125,0.99750,0.11680,0.00000,0.88320,0.00000
38.90125,0.99750,0.68321,0.00000,0.31679,0.00000
39.00125,0.99750,0.99431,0.00000,0.00569,0.00000
39.10125,0.99750,0.99994,0.00004,0.00003,0.00000
39.20125,0.99750,0.99998,0.00001,0.00001,0.00000
39.30125,0.99750,0.99995,0.00005,0.00000,0.00000
39.40125,0.99750,1.00000,0.00000,0.00000,0.00000
39.50125,0.99750,1.00000,0.00000,0.00000,0.00000
39.60125,0.99750,1.00000,0.00000,0.00000,0.00000
39.70125,0.99750,1.00000,0.00000,0.00000,0.00000
39.80125,0.99750,1.00000,0.00000,0.00000,0.00000
39.90125,0.99750,0.99997,0.00000,0.00003,0.00000
40.00125,0.99750,0.99975,0.00000,0.00025,0.00000
40.10125,0.99750,0.99685,0.00000,0.00315,0.00000
40.20125,0.99750,0.98560,0.00000,0.01440,0.00000
40.30125,0.99750,0.82652,0.00000,0.17348,0.00000
40.40125,0.99750,0.15276,0.00000,0.84724,0.00000
40.50125,0.99750,0.09095,0.00000,0.90905,0.00000
40.60125,0.99750,0.51771,0.00000,0.48229,0.00000
40.70125,0.99750,0.97778,0.00000,0.02222,0.00000
40.80125,0.99750,0.99979,0.00000,0.00021,0.00000
40.90125,0.99750,0.99997,0.00002,0.00001,0.00000
41.00125,0.99750,0.99996,0.00000,0.00004,0.00000
41.10125,0.99750,0.99971,0.00014,0.00015,0.00000
41.20125,0.99750,0.99956,0.00006,0.00037,0.00000
41.30125,0.99750,0.99929,0.00000,0.00071,0.00000
41.40125,0.99750,0.99891,0.00000,0.00109,0.00000
41.50125,0.99750,0.99926,0.00000,0.00074,0.00000
41.60125,0.99750,0.99459,0.00000,0.00541,0.00000
41.70125,0.99750,0.81192,0.00000,0.18808,0.00000
41.80125,0.99750,0.10613,0.00000,0.89387,0.00000
41.90125,0.99750,0.02126,0.00000,0.97874,0.00000
42.00125,0.99750,0.01958,0.00000,0.98042,0.00000
42.10125,0.99750,0.12556,0.00000,0.87444,0.00000
42.20125,0.99750,0.83281,0.00000,0.16719,0.00000
42.30125,0.99750,0.99755,0.00000,0.00245,0.00000
42.40125,0.99750,0.99987,0.00002,0.00011,0.00000
42.50125,0.99750,0.99945,0.00002,0.00053,0.00000
42.60125,0.99750,0.99751,0.00056,0.00193,0.00000
42.70125,0.99750,0.99783,0.00017,0.00199,0.00000
42.80125,0.99750,0.99107,0.00000,0.00893,0.00000
42.90125,0.99750,0.99618,0.00000,0.00382,0.00000
43.00125,0.99750,0.99608,0.00000,0.00392,0.00000
43.10125,0.99750,0.99445,0.00000,0.00555,0.00000
43.20125,0.99750,0.84042,0.00000,0.15958,0.00000
43.30125,0.99750,0.18805,0.00000,0.81195,0.00000
43.40125,0.99750,0.21388,0.00000,0.78612,0.00000
43.50125,0.99750,0.89011,0.00000,0.10989,0.00000
43.60125,0.99750,0.99680,0.00000,0.00320,0.00000
43.70125,0.99750,0.99972,0.00000,0.00028,0.00000
43.80125,0.99750,0.99996,0.00000,0.00004,0.00000
43.90125,0.99750,0.99965,0.00007,0.00027,0.00000
44.00125,0.99750,0.99793,0.00144,0.00063,0.00000
44.10125,0.99750,0.99643,0.00016,0.00340,0.00000
44.20125,0.99750,0.98931,0.00000,0.01069,0.00000
44.30125,0.99750,0.99893,0.00000,0.00107,0.00000
44.40125,0.99750,0.98464,0.00000,0.01536,0.00000
44.50125,0.99750,0.56831,0.00000,0.43169,0.00000
44.60125,0.99750,0.05318,0.00000,0.94682,0.00000
44.70125,0.99750,0.01213,0.00000,0.98787,0.00000
44.80125,0.99750,0.05806,0.00000,0.94194,0.00000
44.90125,0.99750,0.35303,0.00000,0.64696,0.00000
45.00125,0.99750,0.94724,0.00000,0.05276,0.00000
45.10125,0.99750,0.99934,0.00000,0.00066,0.00000
45.20125,0.99750,0.99947,0.00052,0.00002,0.00000
45.30125,0.99750,0.99868,0.00109,0.00023,0.00000
45.40125,0.99750,0.99874,0.00096,0.00029,0.00001
45.50125,0.99750,0.99928,0.00035,0.00036,0.00001
45.60125,0.99750,0.99936,0.00002,0.00061,0.00000
45.70125,0.99750,0.99943,0.00000,0.00056,0.00000
45.80125,0.99750,0.99725,0.00000,0.00275,0.00000
45.90125,0.99750,0.98362,0.00000,0.01638,0.00000
46.00125,0.99750,0.69776,0.00002,0.30222,0.00000
46.10125,0.99750,0.06377,0.00001,0.93623,0.00000
46.20125,0.99750,0.02552,0.00000,0.97448,0.00000
46.30125,0.99750,0.10268,0.00001,0.89732,0.00000
46.40125,0.99750,0.48797,0.00003,0.51200,0.00000
46.50125,0.99750,0.94092,0.00002,0.05906,0.00000
46.60125,0.99750,0.99761,0.00009,0.00230,0.00000
46.70125,0.99750,0.99476,0.00339,0.00184,0.00000
46.80125,0.99750,0.99064,0.00646,0.00274,0.00016
46.90125,0.99750,0.98474,0.00722,0.00780,0.00024
47.00125,0.99750,0.97229,0.00004,0.02704,0.00063
47.10125,0.99750,0.97763,0.00000,0.02192,0.00045
47.20125,0.99750,0.97797,0.00000,0.02202,0.00002
47.30125,0.99750,0.97562,0.00000,0.02438,0.00000
47.40125,0.99750,0.64458,0.00000,0.35542,0.00000
47.50125,0.99750,0.12024,0.00000,0.87976,0.00000
47.60125,0.99750,0.01740,0.00000,0.98260,0.00000
47.70125,0.99750,0.03053,0.00000,0.96947,0.00000
47.80125,0.99750,0.52846,0.00000,0.47154,0.00000
47.90125,0.99750,0.97368,0.00000,0.02632,0.00000
48.00125,0.99750,0.99931,0.00000,0.00069,0.00000
48.10125,0.99750,0.99986,0.00004,0.00011,0.00000
48.20125,0.99750,0.99889,0.00029,0.00082,0.00000
48.30125,0.99750,0.99572,0.00092,0.00336,0.00000
48.40125,0.99750,0.99330,0.00003,0.00667,0.00000
48.50125,0.99750,0.99069,0.00000,0.00931,0.00000
48.60125,0.99750,0.99625,0.00000,0.00375,0.00000
48.70125,0.99750,0.98811,0.00000,0.01189,0.00000
48.80125,0.99750,0.68063,0.00000,0.31936,0.00000
48.90125,0.99750,0.14061,0.00000,0.85939,0.00000
49.00125,0.99750,0.01301,0.00000,0.98698,0.00000
49.10125,0.99750,0.04421,0.00000,0.95578,0.00001
49.20125,0.99750,0.50858,0.00001,0.49140,0.00002
49.30125,0.99750,0.98033,0.00000,0.01966,0.00000
49.40125,0.99750,0.99960,0.00001,0.00039,0.00000
49.50125,0.99750,0.99967,0.00028,0.00005,0.00000
49.60125,0.99750,0.99934,0.00040,0.00026,0.00000
49.70125,0.99750,0.99839,0.00091,0.00070,0.00000
49.80125,0.99750,0.99882,0.00038,0.00080,0.00000
49.90125,0.99750,0.99907,0.00004,0.00089,0.00000
50.00125,0.99750,0.99951,0.00000,0.00049,0.00000
50.10125,0.99750,0.99739,0.00000,0.00261,0.00000
50.20125,0.99750,0.98537,0.00000,0.01463,0.00000
50.30125,0.99750,0.70388,0.00000,0.29612,0.00000
50.40125,0.99750,0.15896,0.00000,0.84104,0.00000
50.50125,0.99750,0.13621,0.00000,0.86379,0.00000
50.60125,0.99750,0.77289,0.00000,0.22711,0.00000
50.70125,0.99750,0.99374,0.00000,0.00626,0.00000
50.80125,0.99750,0.99979,0.00000,0.00021,0.00000
50.90125,0.99750,0.99998,0.00000,0.00002,0.00000
51.00125,0.99750,0.99997,0.00000,0.00003,0.00000
51.10125,0.99750,0.99972,0.00009,0.00019,0.00000
51.20125,0.99750,0.99910,0.00005,0.00085,0.00000
51.30125,0.99750,0.99789,0.00000,0.00211,0.00000
51.40125,0.99750,0.99995,0.00000,0.00005,0.00000
51.50125,0.99750,0.99987,0.00000,0.00013,0.00000
51.60125,0.99750,0.99911,0.00000,0.00089,0.00000
51.70125,0.99750,0.97000,0.00000,0.03000,0.00000
51.80125,0.99750,0.66007,0.00000,0.33993,0.00000
51.90125,0.99750,0.51649,0.00000,0.48351,0.00000
52.00125,0.99750,0.79319,0.00000,0.20681,0.00000
52.10125,0.99750,0.98994,0.00000,0.01006,0.00000
52.20125,0.99750,0.99982,0.00000,0.00018,0.00000
52.30125,0.99750,1.00000,0.00000,0.00000,0.00000
52.40125,0.99750,0.99996,0.00001,0.00002,0.00000
52.50125,0.99750,0.99974,0.00016,0.00010,0.00000
52.60125,0.99750,0.99868,0.00097,0.00036,0.00000
52.70125,0.99750,0.99932,0.00013,0.00055,0.00000
52.80125,0.99750,0.99947,0.00000,0.00053,0.00000
52.90125,0.99750,0.99967,0.00000,0.00033,0.00000
53.00125,0.99750,0.99729,0.00000,0.00271,0.00000
53.10125,0.99750,0.97039,0.00000,0.02961,0.00000
53.20125,0.99750,0.43737,0.00000,0.56263,0.00000
53.30125,0.99750,0.05960,0.00000,0.94040,0.00000
53.40125,0.99750,0.03084,0.00000,0.96916,0.00000
53.50125,0.99750,0.15437,0.00000,0.84563,0.00000
53.60125,0.99750,0.54552,0.00000,0.45448,0.00000
53.70125,0.99750,0.97306,0.00000,0.02694,0.00000
53.80125,0.99750,0.99949,0.00002,0.00049,0.00000
53.90125,0.99750,0.99992,0.00004,0.00004,0.00000
54.00125,0.99750,0.99882,0.00100,0.00018,0.00000
54.10125,0.99750,0.99924,0.00037,0.00039,0.00000
54.20125,0.99750,0.99936,0.00022,0.00042,0.00000
54.30125,0.99750,0.99889,0.00000,0.00111,0.00000
54.40125,0.99750,0.99751,0.00000,0.00249,0.00000
54.50125,0.99750,0.99710,0.00000,0.00290,0.00000
54.60125,0.99750,0.99383,0.00000,0.00617,0.00000
54.70125,0.99750,0.88690,0.00000,0.11310,0.00000
54.80125,0.99750,0.15462,0.00000,0.84538,0.00000
54.90125,0.99750,0.03904,0.00000,0.96096,0.00000
55.00125,0.99750,0.25731,0.00000,0.74269,0.00000
55.10125,0.99750,0.61545,0.00000,0.38455,0.00000
55.20125,0.99750,0.96694,0.00000,0.03306,0.00000
55.30125,0.99750,0.99945,0.00000,0.00055,0.00000
55.40125,0.99750,0.99980,0.00001,0.00019,0.00000
55.50125,0.99750,0.99634,0.00209,0.00157,0.00000
55.60125,0.99750,0.98999,0.00234,0.00765,0.00002
55.70125,0.99750,0.99063,0.00017,0.00910,0.00009
55.80125,0.99750,0.98171,0.00000,0.01828,0.00000
55.90125,0.99750,0.98764,0.00000,0.01236,0.00000
56.00125,0.99750,0.96162,0.00000,0.03838,0.00000
56.10125,0.99750,0.89156,0.00000,0.10844,0.00000
56.20125,0.99750,0.35958,0.00000,0.64042,0.00000
56.30125,0.99750,0.05330,0.00000,0.94670,0.00000
56.40125,0.99750,0.17204,0.00000,0.82796,0.00000
56.50125,0.99750,0.60086,0.00000,0.39914,0.00000
56.60125,0.99750,0.94957,0.00000,0.05043,0.00000
56.70125,0.99750,0.99905,0.00000,0.00095,0.00000
56.80125,0.99750,0.99998,0.00000,0.00002,0.00000
56.90125,0.99750,0.99998,0.00000,0.00001,0.00000
57.00125,0.99750,0.99998,0.00001,0.00001,0.00000
57.10125,0.99750,1.00000,0.00000,0.00000,0.00000
57.20125,0.99750,1.00000,0.00000,0.00000,0.00000
57.30125,0.99750,1.00000,0.00000,0.00000,0.00000
57.40125,0.99750,1.00000,0.00000,0.00000,0.00000
57.50125,0.99750,1.00000,0.00000,0.00000,0.00000
57.60125,0.99750,1.00000,0.00000,0.00000,0.00000
57.70125,0.99750,1.00000,0.00000,0.00000,0.00000
57.80125,0.99750,1.00000,0.00000,0.00000,0.00000
57.90125,0.99750,1.00000,0.00000,0.00000,0.00000
58.00125,0.99750,1.00000,0.00000,0.00000,0.00000
58.10125,0.99750,1.00000,0.00000,0.00000,0.00000
58.20125,0.99750,1.00000,0.00000,0.00000,0.00000
58.30125,0.99750,1.00000,0.00000,0.00000,0.00000
58.40125,0.99750,1.00000,0.00000,0.00000,0.00000
58.50125,0.99750,1.00000,0.00000,0.00000,0.00000
58.60125,0.99750,0.99999,0.00000,0.00000,0.00000
58.70125,0.99750,0.99999,0.00000,0.00000,0.00001
58.80125,0.99750,0.99997,0.00000,0.00000,0.00003
58.90125,0.99750,0.99982,0.00000,0.00000,0.00018
59.00125,0.99750,0.99935,0.00000,0.00000,0.00065
59.10125,0.99750,0.99984,0.00000,0.00000,0.00016
59.20125,0.99750,0.99965,0.00000,0.00000,0.00035
59.30125,0.99750,0.99869,0.00000,0.00001,0.00129
59.40125,0.99750,0.96388,0.00000,0.00017,0.03595
59.50125,0.99750,0.97170,0.00000,0.00070,0.02760
59.60125,0.99750,0.91621,0.00000,0.00579,0.07800
59.70125,0.99750,0.27294,0.00000,0.01529,0.71177
59.80125,0.99750,0.08061,0.00000,0.00269,0.91670
59.90125,0.99750,0.58087,0.00000,0.00150,0.41762
60.00125,0.99750,0.92659,0.00000,0.00013,0.07329
60.10125,0.99750,0.99952,0.00000,0.00001,0.00047
60.20125,0.99750,0.99997,0.00000,0.00000,0.00003
60.30125,0.99750,0.99997,0.00000,0.00000,0.00003
60.40125,0.99750,0.99995,0.00000,0.00000,0.00004
60.50125,0.99750,0.99998,0.00000,0.00000,0.00001
60.60125,0.99750,0.99999,0.00000,0.00000,0.00001
60.70125,0.99750,0.99992,0.00000,0.00000,0.00007
60.80125,0.99750,0.99982,0.00000,0.00009,0.00009
60.90125,0.99750,0.99822,0.00000,0.00080,0.00098
61.00125,0.99750,0.98566,0.00000,0.01076,0.00357
61.10125,0.99750,0.62538,0.00000,0.07416,0.30046
61.20125,0.99750,0.04233,0.00000,0.00644,0.95124
61.30125,0.99750,0.29844,0.00000,0.00505,0.69651
61.40125,0.99750,0.66587,0.00000,0.00165,0.33248
61.50125,0.99750,0.96102,0.00000,0.00016,0.03882
61.60125,0.99750,0.97759,0.00000,0.00012,0.02229
61.70125,0.99750,0.99778,0.00000,0.00008,0.00214
61.80125,0.99750,0.98942,0.00000,0.00007,0.01051
61.90125,0.99750,0.99800,0.00000,0.00000,0.00200
62.00125,0.99750,0.99285,0.00000,0.00000,0.00715
62.10125,0.99750,0.99602,0.00000,0.00000,0.00398
62.20125,0.99750,0.99331,0.00000,0.00002,0.00667
62.30125,0.99750,0.96623,0.00000,0.00015,0.03362
62.40125,0.99750,0.90420,0.00000,0.00070,0.09510
62.50125,0.99750,0.21718,0.00000,0.00044,0.78238
62.60125,0.99750,0.41414,0.00000,0.00010,0.58576
62.70125,0.99750,0.92950,0.00000,0.00001,0.07049
62.80125,0.99750,0.99935,0.00000,0.00000,0.00065
62.90125,0.99750,0.99998,0.00000,0.00000,0.00002
63.00125,0.99750,1.00000,0.00000,0.00000,0.00000
63.10125,0.99750,1.00000,0.00000,0.00000,0.00000
63.20125,0.99751,1.00000,0.00000,0.00000,0.00000
63.30125,0.99750,1.00000,0.00000,0.00000,0.00000
63.40125,0.99750,1.00000,0.00000,0.00000,0.00000
63.50125,0.99750,1.00000,0.00000,0.00000,0.00000
63.60125,0.99750,0.99995,0.00000,0.00001,0.00005
63.70125,0.99751,0.99908,0.00000,0.00015,0.00077
63.80125,0.99750,0.66368,0.00001,0.00285,0.33346
63.90125,0.99750,0.02486,0.00000,0.00018,0.97496
64.00125,0.99750,0.02520,0.00000,0.00005,0.97475
64.10125,0.99750,0.43502,0.00000,0.00006,0.56492
64.20125,0.99751,0.96420,0.00000,0.00000,0.03579
64.30125,0.99751,0.99641,0.00000,0.00000,0.00359
64.40125,0.99750,0.99970,0.00000,0.00001,0.00030
64.50125,0.99750,0.99961,0.00000,0.00001,0.00039
64.60125,0.99750,0.99947,0.00000,0.00001,0.00052
64.70125,0.99751,0.99982,0.00000,0.00000,0.00018
64.80125,0.99751,0.99934,0.00000,0.00000,0.00066
64.90125,0.99750,0.99945,0.00001,0.00000,0.00054
65.00125,0.99750,0.99955,0.00000,0.00000,0.00045
65.10125,0.99750,0.99737,0.00001,0.00002,0.00260
65.20125,0.99751,0.71176,0.00000,0.00051,0.28773
65.30125,0.99751,0.06672,0.00000,0.00012,0.93315
65.40125,0.99750,0.05424,0.00000,0.00002,0.94573
65.50125,0.99750,0.19928,0.00000,0.00001,0.80070
65.60125,0.99750,0.83139,0.00000,0.00000,0.16860
65.70125,0.99751,0.88262,0.00000,0.00011,0.11728
65.80125,0.99751,0.98569,0.00000,0.00011,0.01420
65.90125,0.99750,0.98971,0.00000,0.00010,0.01018
66.00125,0.99750,0.98813,0.00000,0.00008,0.01179
66.10125,0.99750,0.99525,0.00000,0.00002,0.00473
66.20125,0.99751,0.99334,0.00000,0.00000,0.00666
66.30125,0.99751,0.99832,0.00000,0.00000,0.00167
66.40125,0.99750,0.99097,0.00000,0.00005,0.00898
66.50125,0.99750,0.97943,0.00000,0.00040,0.02017
66.60125,0.99750,0.70839,0.00000,0.00305,0.28856
66.70125,0.99751,0.02213,0.00000,0.00055,0.97732
66.80125,0.99751,0.01789,0.00000,0.00023,0.98188
66.90125,0.99750,0.08927,0.00000,0.00016,0.91057
67.00125,0.99750,0.43470,0.00000,0.00005,0.56524
67.10125,0.99750,0.49247,0.00000,0.00001,0.50751
67.20125,0.99751,0.95065,0.00000,0.00004,0.04931
67.30125,0.99751,0.96054,0.00000,0.00003,0.03944
67.40125,0.99750,0.85665,0.00000,0.00001,0.14334
67.50125,0.99750,0.99049,0.00000,0.00001,0.00950
67.60125,0.99750,0.97876,0.00000,0.00000,0.02124
67.70125,0.99751,0.99258,0.00000,0.00000,0.00742
67.80125,0.99751,0.96519,0.00000,0.00003,0.03478
67.90125,0.99750,0.70872,0.00000,0.00017,0.29111
68.00125,0.99750,0.46377,0.00000,0.00093,0.53529
68.10125,0.99750,0.05081,0.00001,0.00024,0.94894
68.20125,0.99751,0.01006,0.00002,0.00005,0.98987
68.30125,0.99751,0.05363,0.00006,0.00003,0.94628
68.40125,0.99750,0.10416,0.00027,0.00002,0.89554
68.50125,0.99750,0.33445,0.00047,0.00001,0.66507
68.60125,0.99750,0.85012,0.00003,0.00013,0.14971
68.70125,0.99751,0.91908,0.00000,0.00011,0.08081
68.80125,0.99751,0.93396,0.00000,0.00007,0.06596
68.90125,0.99750,0.96785,0.00000,0.00000,0.03214
69.00125,0.99750,0.88732,0.00001,0.00000,0.11267
69.10125,0.99750,0.91833,0.00000,0.00001,0.08167
69.20125,0.99751,0.95671,0.00000,0.00001,0.04328
69.30125,0.99751,0.43181,0.00000,0.00010,0.56809
69.40125,0.99750,0.41658,0.00000,0.00026,0.58315
69.50125,0.99750,0.06039,0.00000,0.00015,0.93946
69.60125,0.99750,0.10924,0.00000,0.00005,0.89071
69.70125,0.99751,0.84855,0.00000,0.00005,0.15140
69.80125,0.99751,0.98422,0.00000,0.00002,0.01576
69.90125,0.99750,0.99958,0.00000,0.00011,0.00031
70.00125,0.99750,0.99990,0.00000,0.00006,0.00004
70.10125,0.99750,0.99990,0.00000,0.00003,0.00007
70.20125,0.99751,0.99996,0.00000,0.00001,0.00003
70.30125,0.99751,0.99995,0.00000,0.00000,0.00005
70.40125,0.99750,0.99998,0.00000,0.00000,0.00001
70.50125,0.99750,0.99998,0.00001,0.00000,0.00001
70.60125,0.99750,0.99967,0.00017,0.00001,0.00016
70.70125,0.99751,0.99667,0.00018,0.00003,0.00312
70.80125,0.99751,0.93658,0.00007,0.00019,0.06315
70.90125,0.99750,0.07594,0.00000,0.00003,0.92402
71.00125,0.99750,0.40529,0.00000,0.00001,0.59470
71.10125,0.99750,0.95951,0.00000,0.00000,0.04048
71.20125,0.99751,0.94658,0.00000,0.00001,0.05342
71.30125,0.99751,0.97916,0.00000,0.00001,0.02082
71.40125,0.99750,0.99796,0.00000,0.00001,0.00203
71.50125,0.99750,0.99661,0.00000,0.00000,0.00339
71.60125,0.99750,0.99727,0.00000,0.00000,0.00273
71.70125,0.99751,0.99516,0.00000,0.00000,0.00484
71.80125,0.99751,0.99454,0.00000,0.00000,0.00545
71.90125,0.99750,0.98068,0.00000,0.00000,0.01932
72.00125,0.99750,0.94595,0.00000,0.00007,0.05398
72.10125,0.99750,0.88547,0.00000,0.00047,0.11406
72.20125,0.99751,0.30887,0.00000,0.00040,0.69073
72.30125,0.99751,0.08518,0.00000,0.00014,0.91469
72.40125,0.99750,0.27319,0.00000,0.00006,0.72675
72.50125,0.99750,0.72803,0.00000,0.00001,0.27195
72.60125,0.99750,0.93583,0.00000,0.00002,0.06415
72.70125,0.99751,0.99843,0.00000,0.00002,0.00155
72.80125,0.99751,0.99423,0.00000,0.00003,0.00575
72.90125,0.99750,0.99656,0.00000,0.00001,0.00343
73.00125,0.99750,0.99649,0.00000,0.00000,0.00351
73.10125,0.99750,0.99474,0.00000,0.00000,0.00526
73.20125,0.99751,0.99855,0.00000,0.00000,0.00145
73.30125,0.99751,0.99249,0.00000,0.00000,0.00751
73.40125,0.99750,0.91597,0.00000,0.00001,0.08402
73.50125,0.99750,0.77007,0.00000,0.00002,0.22991
73.60125,0.99750,0.05498,0.00000,0.00001,0.94502
73.70125,0.99751,0.71961,0.00000,0.00001,0.28038
73.80125,0.99751,0.99158,0.00000,0.00000,0.00841
73.90125,0.99750,0.99975,0.00000,0.00000,0.00025
74.00125,0.99750,0.99991,0.00000,0.00000,0.00009
74.10125,0.99750,0.99998,0.00000,0.00000,0.00002
74.20125,0.99751,0.99998,0.00000,0.00000,0.00001
74.30125,0.99751,0.99999,0.00000,0.00000,0.00001
74.40125,0.99750,0.99997,0.00000,0.00000,0.00003
74.50125,0.99750,0.99997,0.00000,0.00000,0.00002
74.60125,0.99750,0.99996,0.00000,0.00000,0.00003
74.70125,0.99751,0.99914,0.00000,0.00002,0.00084
74.80125,0.99751,0.97629,0.00000,0.00025,0.02346
74.90125,0.99750,0.43123,0.00000,0.00082,0.56796
75.00125,0.99750,0.06860,0.00000,0.00009,0.93131
75.10125,0.99750,0.13094,0.00000,0.00008,0.86898
75.20125,0.99751,0.34085,0.00000,0.00002,0.65913
75.30125,0.99751,0.90001,0.00000,0.00001,0.09998
75.40125,0.99750,0.96190,0.00000,0.00007,0.03803
75.50125,0.99750,0.99704,0.00000,0.00012,0.00284
75.60125,0.99750,0.98051,0.00000,0.00004,0.01945
75.70125,0.99751,0.99509,0.00000,0.00000,0.00491
75.80125,0.99751,0.97468,0.00000,0.00000,0.02531
75.90125,0.99750,0.99034,0.00000,0.00000,0.00965
76.00125,0.99750,0.99831,0.00000,0.00000,0.00168
76.10125,0.99750,0.99272,0.00000,0.00002,0.00726
76.20125,0.99751,0.73445,0.00000,0.00028,0.26526
76.30125,0.99751,0.02991,0.00000,0.00007,0.97002
76.40125,0.99750,0.09029,0.00000,0.00003,0.90968
76.50125,0.99750,0.40290,0.00000,0.00002,0.59708
76.60125,0.99750,0.72960,0.00000,0.00001,0.27039
76.70125,0.99751,0.68203,0.00000,0.00014,0.31783
76.80125,0.99751,0.94552,0.00000,0.00122,0.05327
76.90125,0.99750,0.95100,0.00000,0.00064,0.04836
77.00125,0.99750,0.94858,0.00000,0.00006,0.05135
77.10125,0.99750,0.97989,0.00000,0.00000,0.02011
77.20125,0.99751,0.96550,0.00000,0.00000,0.03450
77.30125,0.99751,0.99024,0.00000,0.00000,0.00975
77.40125,0.99750,0.64553,0.00000,0.00001,0.35445
77.50125,0.99750,0.49232,0.00000,0.00004,0.50763
77.60125,0.99750,0.05508,0.00000,0.00002,0.94490
77.70125,0.99751,0.07529,0.00000,0.00000,0.92470
77.80125,0.99751,0.08902,0.00000,0.00000,0.91098
77.90125,0.99750,0.18274,0.00000,0.00000,0.81725
78.00125,0.99750,0.26062,0.00000,0.00000,0.73938
78.10125,0.99750,0.53068,0.00000,0.00002,0.46930
78.20125,0.99751,0.86860,0.00000,0.00008,0.13132
78.30125,0.99751,0.88208,0.00000,0.00001,0.11791
78.40125,0.99750,0.74422,0.00000,0.00000,0.25578
78.50125,0.99750,0.64385,0.00000,0.00000,0.35615
78.60125,0.99750,0.61178,0.00000,0.00000,0.38822
78.70125,0.99751,0.87765,0.00000,0.00000,0.12235
78.80125,0.99751,0.64010,0.00000,0.00000,0.35989
78.90125,0.99750,0.08190,0.00000,0.00001,0.91809
79.00125,0.99750,0.02550,0.00000,0.00000,0.97450
79.10125,0.99750,0.01699,0.00000,0.00000,0.98301
79.20125,0.99751,0.21451,0.00000,0.00000,0.78549
79.30125,0.99751,0.39769,0.00000,0.00000,0.60231
79.40125,0.99750,0.80203,0.00000,0.00001,0.19796
79.50125,0.99750,0.99237,0.00000,0.00008,0.00755
79.60125,0.99750,0.99302,0.00000,0.00006,0.00691
79.70125,0.99751,0.99575,0.00000,0.00004,0.00421
79.80125,0.99751,0.99606,0.00000,0.00000,0.00394
79.90125,0.99750,0.99159,0.00000,0.00000,0.00841
80.00125,0.99750,0.99759,0.00000,0.00000,0.00241
80.10125,0.99750,0.97422,0.00001,0.00000,0.02578
80.20125,0.99751,0.96684,0.00000,0.00000,0.03316
80.30125,0.99751,0.84067,0.00000,0.00001,0.15932
80.40125,0.99750,0.11340,0.00000,0.00001,0.88659
80.50125,0.99750,0.03676,0.00000,0.00000,0.96323
80.60125,0.99750,0.10774,0.00000,0.00000,0.89226
80.70125,0.99751,0.19998,0.00000,0.00000,0.80002
80.80125,0.99751,0.07900,0.00000,0.00000,0.92100
80.90125,0.99750,0.46195,0.00000,0.00005,0.53800
81.00125,0.99750,0.65332,0.00000,0.00009,0.34660
81.10125,0.99750,0.72204,0.00000,0.00003,0.27793
81.20125,0.99751,0.60604,0.00000,0.00000,0.39396
81.30125,0.99751,0.56056,0.00000,0.00000,0.43944
81.40125,0.99750,0.64089,0.00000,0.00000,0.35911
81.50125,0.99750,0.96269,0.00000,0.00000,0.03730
81.60125,0.99750,0.54151,0.00000,0.00000,0.45849
81.70125,0.99751,0.09362,0.00000,0.00001,0.90637
81.80125,0.99751,0.02088,0.00000,0.00001,0.97911
81.90125,0.99750,0.04417,0.00000,0.00001,0.95582
82.00125,0.99750,0.17230,0.00000,0.00000,0.82769
82.10125,0.99750,0.73108,0.00000,0.00000,0.26892
82.20125,0.99751,0.78045,0.00000,0.00000,0.21954
82.30125,0.99751,0.96699,0.00000,0.00007,0.03295
82.40125,0.99750,0.98006,0.00000,0.00007,0.01987
82.50125,0.99750,0.99137,0.00000,0.00001,0.00862
82.60125,0.99750,0.99491,0.00000,0.00000,0.00509
82.70125,0.99751,0.99784,0.00000,0.00000,0.00216
82.80125,0.99751,0.99920,0.00000,0.00000,0.00080
82.90125,0.99750,0.94180,0.00000,0.00000,0.05820
83.00125,0.99750,0.85339,0.00000,0.00001,0.14660
83.10125,0.99750,0.59068,0.00000,0.00003,0.40929
83.20125,0.99751,0.06153,0.00000,0.00001,0.93846
83.30125,0.99751,0.35999,0.00000,0.00001,0.64001
83.40125,0.99750,0.72551,0.00000,0.00000,0.27448
83.50125,0.99750,0.73801,0.00000,0.00001,0.26198
83.60125,0.99750,0.91817,0.00000,0.00096,0.08087
83.70125,0.99751,0.93098,0.00000,0.00121,0.06781
83.80125,0.99751,0.76982,0.00000,0.00088,0.22930
83.90125,0.99750,0.79865,0.00000,0.00001,0.20134
84.00125,0.99750,0.78938,0.00000,0.00000,0.21061
84.10125,0.99750,0.87703,0.00001,0.00001,0.12296
84.20125,0.99751,0.43715,0.00000,0.00002,0.56283
84.30125,0.99751,0.06458,0.00000,0.00003,0.93539
84.40125,0.99750,0.01872,0.00000,0.00002,0.98126
84.50125,0.99750,0.01734,0.00000,0.00001,0.98265
84.60125,0.99750,0.03684,0.00000,0.00000,0.96315
84.70125,0.99751,0.09188,0.00000,0.00000,0.90812
84.80125,0.99751,0.29904,0.00000,0.00000,0.70096
84.90125,0.99750,0.48450,0.00000,0.00003,0.51547
85.00125,0.99750,0.86053,0.00000,0.00027,0.13920
85.10125,0.99750,0.86777,0.00000,0.00010,0.13213
85.20125,0.99751,0.79687,0.00000,0.00001,0.20312
85.30125,0.99751,0.90828,0.00000,0.00000,0.09172
85.40125,0.99750,0.78112,0.00000,0.00000,0.21888
85.50125,0.99750,0.94792,0.00000,0.00000,0.05208
85.60125,0.99750,0.84188,0.00000,0.00000,0.15811
85.70125,0.99751,0.05952,0.00000,0.00000,0.94047
85.80125,0.99751,0.03079,0.00000,0.00000,0.96921
85.90125,0.99750,0.03567,0.00000,0.00000,0.96433
86.00125,0.99750,0.09340,0.00000,0.00000,0.90660
86.10125,0.99750,0.12136,0.00000,0.00000,0.87864
86.20125,0.99751,0.12992,0.00000,0.00000,0.87008
86.30125,0.99751,0.42108,0.00000,0.00036,0.57856
86.40125,0.99750,0.77061,0.00000,0.00091,0.22848
86.50125,0.99750,0.60927,0.00000,0.00026,0.39047
86.60125,0.99750,0.43793,0.00000,0.00003,0.56204
86.70125,0.99751,0.76743,0.00000,0.00000,0.23257
86.80125,0.99751,0.52582,0.00000,0.00000,0.47418
86.90125,0.99750,0.17870,0.00000,0.00000,0.82130
87.00125,0.99750,0.46829,0.00000,0.00001,0.53170
87.10125,0.99750,0.22601,0.00000,0.00001,0.77398
87.20125,0.99751,0.01609,0.00000,0.00000,0.98390
87.30125,0.99751,0.00921,0.00000,0.00000,0.99078
87.40125,0.99750,0.05010,0.00000,0.00000,0.94990
87.50125,0.99750,0.20733,0.00000,0.00000,0.79267
87.60125,0.99750,0.73795,0.00000,0.00000,0.26205
87.70125,0.99751,0.92589,0.00000,0.00001,0.07411
87.80125,0.99751,0.97304,0.00000,0.00000,0.02696
87.90125,0.99750,0.99648,0.00000,0.00000,0.00352
88.00125,0.99750,0.99914,0.00000,0.00000,0.00086
88.10125,0.99750,0.99990,0.00000,0.00000,0.00010
88.20125,0.99751,0.99989,0.00000,0.00000,0.00011
88.30125,0.99751,0.99977,0.00000,0.00000,0.00022
88.40125,0.99750,0.99502,0.00000,0.00000,0.00498
88.50125,0.99750,0.99377,0.00000,0.00000,0.00623
88.60125,0.99750,0.99327,0.00000,0.00000,0.00673
