Time(Seconds),Length(Seconds),Label(string),Confidence(double),Comment(string)
2.7738196,0.9105245,Uppercut_R,1,
4.7642687,1.0163995,Uppercut_R,1,
6.6488428,1.0587495,Uppercut_R,1,
8.4910669,1.0375745,Uppercut_R,1,
10.0791912,1.0587495,Uppercut_R,1,
12.0484629,0.9528745,Uppercut_R,1,
13.5518872,1.0163995,Uppercut_R,1,
15.2035365,1.2281494,Uppercut_R,1,
17.1939855,0.9740495,Uppercut_R,1,
18.7397598,0.9316995,Uppercut_R,1,
20.370234,1.1646244,Uppercut_R,1,
22.0007083,1.0587495,Uppercut_R,1,
23.9488073,1.0375745,Uppercut_R,1,
25.6216316,1.1222744,Uppercut_R,1,
27.3368134,1.1434494,Uppercut_R,1,
29.1790375,1.1010994,Uppercut_R,1,
31.0212616,1.1222744,Uppercut_R,1,
32.8211358,1.2069744,Uppercut_R,1,
36.2303092,0.9740495,Uppercut_R,1,
37.8396084,1.0587495,Uppercut_R,1,
39.3853827,1.1646244,Uppercut_R,1,
41.2487818,1.2069744,Uppercut_R,1,
43.0274782,1.0587494,Uppercut_R,1,
44.6791274,1.0587494,Uppercut_R,1,
46.2884267,1.3340243,Uppercut_R,1,
48.0883008,1.1222744,Uppercut_R,1,
49.761125,1.1434494,Uppercut_R,1,
51.815099,1.2493244,Uppercut_R,1,
53.8055481,1.1857994,Uppercut_R,1,
55.6054222,1.3340243,Uppercut_R,1,
58.6969788,1.1434494,Uppercut_R,1,
60.6450778,1.2916743,Uppercut_R,1,
62.317902,1.2069744,Uppercut_R,1,
64.498926,1.1646244,Uppercut_R,1,
66.2988001,1.3128493,Uppercut_R,1,
69.7714984,1.2704993,Uppercut_R,1,
71.5078476,1.2916743,Uppercut_R,1,
73.4559466,1.4398993,Uppercut_R,1,
75.5099287,1.2704993,Uppercut_R,1,
77.2886279,1.3975493,Uppercut_R,1,
81.121301,1.3128493,Uppercut_R,1,
82.8364752,1.2704993,Uppercut_R,1,
84.4881244,1.2069744,Uppercut_R,1,
86.1821236,1.3128493,Uppercut_R,1,
87.8125978,1.1857994,Uppercut_R,1,
89.421897,1.2281494,Uppercut_R,1,
90.9676713,1.2704993,Uppercut_R,1,
93.8263044,1.2916743,Uppercut_R,1,
97.4895777,1.1857994,Uppercut_R,1,
100.3270263,1.3551993,Uppercut_R,1,
103.2279999,1.3763743,Uppercut_R,1,
106.5101233,1.2916743,Uppercut_R,1,
109.8769467,1.2704993,Uppercut_R,1,
112.9473281,1.4610742,Uppercut_R,1,
116.0600516,1.4187243,Uppercut_R,1,
120.0197746,1.4822492,Uppercut_R,1,
127.4733789,1.3551993,Uppercut_R,1,
129.7391028,1.2281494,Uppercut_R,1,
131.6872019,1.2704993,Uppercut_R,1,
134.0376257,1.3340243,Uppercut_R,1,
136.3033496,1.2916743,Uppercut_R,1,
138.4208486,1.3975493,Uppercut_R,1,
140.6018726,1.2704993,Uppercut_R,1,
142.8252539,1.1222744,Uppercut_R,1,
144.9427529,1.3975493,Uppercut_R,1,
147.0390769,1.3551993,Uppercut_R,1,
149.1565759,1.2704993,Uppercut_R,1,
151.2528998,1.2704993,Uppercut_R,1,
153.3068739,1.4398993,Uppercut_R,1,
155.4243728,1.3551993,Uppercut_R,1,
157.6053968,1.3763743,Uppercut_R,1,
159.7229023,1.2704993,Uppercut_R,1,
161.8615762,1.4187243,Uppercut_R,1,
164.1696501,1.2916743,Uppercut_R,1,
166.4141972,1.4187243,Uppercut_R,1,
171.2209199,1.7786991,Uppercut_R,1,
173.9313186,1.4187243,Uppercut_R,1,
176.2393925,1.2493243,Uppercut_R,1,
178.8862662,1.2916743,Uppercut_R,1,
181.2578631,1.3551993,Uppercut_R,1,
