Time(Seconds),Length(Seconds),Label(string),Confidence(double),Comment(string)
2.8937436,1.2619759,Sidehook,1,
5.7793143,1.4021954,Sidehook,1,
8.0499351,1.4907551,Sidehook,1,
11.164285,1.3505356,Sidehook,1,
13.6455673,1.5055151,Sidehook,1,
16.3171187,1.1586562,Sidehook,1,
18.5884615,1.4317153,Sidehook,1,
20.6917547,1.1734161,Sidehook,1,
22.765528,1.1881761,Sidehook,1,
24.9278829,1.3874355,Sidehook,1,
27.2009155,1.1660362,Sidehook,1,
29.5108481,1.3431556,Sidehook,1,
31.869003,1.4021954,Sidehook,1,
34.1051358,1.3283957,Sidehook,1,
36.4593482,1.2545959,Sidehook,1,
38.9540834,1.3062557,Sidehook,1,
41.1459363,1.2988757,Sidehook,1,
43.2639894,1.1512762,Sidehook,1,
45.4705226,1.0184366,Sidehook,1,
47.5664358,1.2398359,Sidehook,1,
49.6477914,1.1881761,Sidehook,1,
51.6330049,1.1660361,Sidehook,1,
53.6295413,1.1734161,Sidehook,1,
56.4044122,1.1807961,Sidehook,1,
58.7660045,1.3431556,Sidehook,1,
61.1361252,1.2841158,Sidehook,1,
63.3796379,1.2472159,Sidehook,1,
65.7855101,1.210316,Sidehook,1,
68.0893913,1.2398359,Sidehook,1,
70.4140837,1.1660361,Sidehook,1,
72.5764167,1.210316,Sidehook,1,
74.828075,1.2545959,Sidehook,1,
77.2118073,1.1438963,Sidehook,1,
79.2339207,1.3062557,Sidehook,1,
81.4842718,1.1586562,Sidehook,1,
83.6539847,1.1881761,Sidehook,1,
85.9126402,1.1512762,Sidehook,1,
88.4873276,1.2472159,Sidehook,1,
90.7825002,1.1291363,Sidehook,1,
92.8778718,1.2324559,Sidehook,1,
