Time (seconds), Duration (seconds),pred_(unlabeled),pred_Jab_R,pred_Sidehook_R,pred_Uppercut_R
0.00125,0.99750,1.00000,0.00000,0.00000,0.00000
0.10125,0.99750,0.99999,0.00000,0.00001,0.00000
0.20125,0.99750,0.99999,0.00000,0.00001,0.00000
0.30125,0.99750,0.99999,0.00000,0.00001,0.00000
0.40125,0.99750,0.99999,0.00000,0.00001,0.00000
0.50125,0.99750,0.99999,0.00000,0.00001,0.00000
0.60125,0.99750,0.99998,0.00000,0.00002,0.00000
0.70125,0.99750,0.99994,0.00000,0.00006,0.00000
0.80125,0.99750,0.99993,0.00000,0.00006,0.00000
0.90125,0.99750,0.99998,0.00000,0.00002,0.00000
1.00125,0.99750,0.99999,0.00000,0.00001,0.00000
1.10125,0.99750,0.99999,0.00000,0.00001,0.00000
1.20125,0.99750,1.00000,0.00000,0.00000,0.00000
1.30125,0.99750,1.00000,0.00000,0.00000,0.00000
1.40125,0.99750,1.00000,0.00000,0.00000,0.00000
1.50125,0.99750,1.00000,0.00000,0.00000,0.00000
1.60125,0.99750,0.99999,0.00000,0.00001,0.00000
1.70125,0.99750,0.99999,0.00000,0.00001,0.00000
1.80125,0.99750,1.00000,0.00000,0.00000,0.00000
1.90125,0.99750,1.00000,0.00000,0.00000,0.00000
2.00125,0.99750,0.99998,0.00000,0.00002,0.00000
2.10125,0.99750,0.99998,0.00000,0.00002,0.00000
2.20125,0.99750,1.00000,0.00000,0.00000,0.00000
2.30125,0.99750,1.00000,0.00000,0.00000,0.00000
2.40125,0.99750,1.00000,0.00000,0.00000,0.00000
2.50125,0.99750,1.00000,0.00000,0.00000,0.00000
2.60125,0.99750,1.00000,0.00000,0.00000,0.00000
2.70125,0.99750,1.00000,0.00000,0.00000,0.00000
2.80125,0.99750,1.00000,0.00000,0.00000,0.00000
2.90125,0.99750,1.00000,0.00000,0.00000,0.00000
3.00125,0.99750,0.99999,0.00000,0.00000,0.00001
3.10125,0.99750,0.99999,0.00000,0.00000,0.00001
3.20125,0.99750,1.00000,0.00000,0.00000,0.00000
3.30125,0.99750,1.00000,0.00000,0.00000,0.00000
3.40125,0.99750,1.00000,0.00000,0.00000,0.00000
3.50125,0.99750,1.00000,0.00000,0.00000,0.00000
3.60125,0.99750,1.00000,0.00000,0.00000,0.00000
3.70125,0.99750,1.00000,0.00000,0.00000,0.00000
3.80125,0.99750,0.99999,0.00000,0.00000,0.00001
3.90125,0.99750,0.99999,0.00000,0.00000,0.00001
4.00125,0.99750,0.99992,0.00000,0.00000,0.00008
4.10125,0.99750,0.99994,0.00000,0.00000,0.00006
4.20125,0.99750,0.99987,0.00000,0.00000,0.00013
4.30125,0.99750,0.99985,0.00000,0.00000,0.00015
4.40125,0.99750,0.99999,0.00000,0.00000,0.00001
4.50125,0.99750,0.99998,0.00000,0.00000,0.00002
4.60125,0.99750,0.99999,0.00000,0.00000,0.00001
4.70125,0.99750,1.00000,0.00000,0.00000,0.00000
4.80125,0.99750,1.00000,0.00000,0.00000,0.00000
4.90125,0.99750,1.00000,0.00000,0.00000,0.00000
5.00125,0.99750,1.00000,0.00000,0.00000,0.00000
5.10125,0.99750,1.00000,0.00000,0.00000,0.00000
5.20125,0.99750,0.99999,0.00000,0.00000,0.00001
5.30125,0.99750,0.99998,0.00000,0.00000,0.00002
5.40125,0.99750,0.99996,0.00000,0.00000,0.00004
5.50125,0.99750,0.99993,0.00000,0.00000,0.00007
5.60125,0.99750,0.99995,0.00000,0.00000,0.00005
5.70125,0.99750,1.00000,0.00000,0.00000,0.00000
5.80125,0.99750,1.00000,0.00000,0.00000,0.00000
5.90125,0.99750,1.00000,0.00000,0.00000,0.00000
6.00125,0.99750,1.00000,0.00000,0.00000,0.00000
6.10125,0.99750,1.00000,0.00000,0.00000,0.00000
6.20125,0.99750,1.00000,0.00000,0.00000,0.00000
6.30125,0.99750,1.00000,0.00000,0.00000,0.00000
6.40125,0.99750,0.99999,0.00000,0.00000,0.00000
6.50125,0.99750,0.99999,0.00000,0.00000,0.00001
6.60125,0.99750,0.99996,0.00000,0.00001,0.00003
6.70125,0.99750,0.99992,0.00000,0.00000,0.00008
6.80125,0.99750,0.99991,0.00000,0.00000,0.00009
6.90125,0.99750,0.99839,0.00000,0.00000,0.00161
7.00125,0.99750,0.99917,0.00000,0.00000,0.00083
7.10125,0.99750,0.99997,0.00000,0.00000,0.00003
7.20125,0.99750,1.00000,0.00000,0.00000,0.00000
7.30125,0.99750,1.00000,0.00000,0.00000,0.00000
7.40125,0.99750,1.00000,0.00000,0.00000,0.00000
7.50125,0.99750,1.00000,0.00000,0.00000,0.00000
7.60125,0.99750,1.00000,0.00000,0.00000,0.00000
7.70125,0.99750,1.00000,0.00000,0.00000,0.00000
7.80125,0.99750,1.00000,0.00000,0.00000,0.00000
7.90125,0.99750,0.99999,0.00000,0.00001,0.00001
8.00125,0.99750,0.99997,0.00000,0.00000,0.00002
8.10125,0.99750,0.99929,0.00000,0.00000,0.00071
8.20125,0.99750,0.99994,0.00000,0.00000,0.00006
8.30125,0.99750,0.99999,0.00000,0.00000,0.00000
8.40125,0.99750,1.00000,0.00000,0.00000,0.00000
8.50125,0.99750,1.00000,0.00000,0.00000,0.00000
8.60125,0.99750,1.00000,0.00000,0.00000,0.00000
8.70125,0.99750,1.00000,0.00000,0.00000,0.00000
8.80125,0.99750,1.00000,0.00000,0.00000,0.00000
8.90125,0.99750,1.00000,0.00000,0.00000,0.00000
9.00125,0.99750,1.00000,0.00000,0.00000,0.00000
9.10125,0.99750,1.00000,0.00000,0.00000,0.00000
9.20125,0.99750,1.00000,0.00000,0.00000,0.00000
9.30125,0.99750,0.99999,0.00000,0.00000,0.00001
9.40125,0.99750,1.00000,0.00000,0.00000,0.00000
9.50125,0.99750,0.99999,0.00000,0.00001,0.00000
9.60125,0.99750,0.99998,0.00000,0.00002,0.00000
9.70125,0.99750,0.99999,0.00000,0.00001,0.00000
9.80125,0.99750,0.99999,0.00000,0.00001,0.00000
9.90125,0.99750,0.99999,0.00000,0.00001,0.00000
10.00125,0.99750,0.99999,0.00000,0.00001,0.00000
10.10125,0.99750,0.99997,0.00000,0.00003,0.00000
10.20125,0.99750,0.99995,0.00000,0.00003,0.00002
10.30125,0.99750,0.99996,0.00000,0.00002,0.00001
10.40125,0.99750,0.99997,0.00000,0.00001,0.00003
10.50125,0.99750,0.99994,0.00000,0.00000,0.00006
10.60125,0.99750,1.00000,0.00000,0.00000,0.00000
10.70125,0.99750,1.00000,0.00000,0.00000,0.00000
10.80125,0.99750,1.00000,0.00000,0.00000,0.00000
10.90125,0.99750,1.00000,0.00000,0.00000,0.00000
11.00125,0.99750,1.00000,0.00000,0.00000,0.00000
11.10125,0.99750,1.00000,0.00000,0.00000,0.00000
11.20125,0.99750,1.00000,0.00000,0.00000,0.00000
11.30125,0.99750,1.00000,0.00000,0.00000,0.00000
11.40125,0.99750,1.00000,0.00000,0.00000,0.00000
11.50125,0.99750,0.99998,0.00000,0.00000,0.00002
11.60125,0.99750,1.00000,0.00000,0.00000,0.00000
11.70125,0.99750,1.00000,0.00000,0.00000,0.00000
11.80125,0.99750,1.00000,0.00000,0.00000,0.00000
11.90125,0.99750,1.00000,0.00000,0.00000,0.00000
12.00125,0.99750,1.00000,0.00000,0.00000,0.00000
12.10125,0.99750,1.00000,0.00000,0.00000,0.00000
12.20125,0.99750,0.99998,0.00001,0.00000,0.00000
12.30125,0.99750,1.00000,0.00000,0.00000,0.00000
12.40125,0.99750,1.00000,0.00000,0.00000,0.00000
12.50125,0.99750,0.99995,0.00000,0.00005,0.00000
12.60125,0.99750,0.99988,0.00000,0.00012,0.00000
12.70125,0.99750,0.99995,0.00000,0.00005,0.00000
12.80125,0.99750,0.99991,0.00000,0.00002,0.00007
12.90125,0.99750,0.99663,0.00000,0.00002,0.00335
13.00125,0.99750,0.99508,0.00000,0.00001,0.00491
13.10125,0.99750,0.99968,0.00000,0.00001,0.00031
13.20125,0.99750,0.99998,0.00000,0.00001,0.00001
13.30125,0.99750,0.99998,0.00000,0.00000,0.00001
13.40125,0.99750,0.99990,0.00000,0.00000,0.00010
13.50125,0.99750,0.99996,0.00000,0.00000,0.00004
13.60125,0.99750,0.99993,0.00000,0.00000,0.00007
13.70125,0.99750,1.00000,0.00000,0.00000,0.00000
13.80125,0.99750,1.00000,0.00000,0.00000,0.00000
13.90125,0.99750,0.99999,0.00000,0.00001,0.00000
14.00125,0.99750,0.99998,0.00000,0.00002,0.00000
14.10125,0.99750,0.99999,0.00000,0.00001,0.00000
14.20125,0.99750,0.99999,0.00000,0.00001,0.00000
14.30125,0.99750,0.99999,0.00000,0.00001,0.00000
14.40125,0.99750,0.99999,0.00001,0.00001,0.00000
14.50125,0.99750,0.99994,0.00006,0.00000,0.00000
14.60125,0.99750,0.99978,0.00022,0.00000,0.00000
14.70125,0.99750,0.99991,0.00009,0.00000,0.00000
14.80125,0.99750,1.00000,0.00000,0.00000,0.00000
14.90125,0.99750,1.00000,0.00000,0.00000,0.00000
15.00125,0.99750,0.99997,0.00000,0.00000,0.00003
15.10125,0.99750,0.99993,0.00000,0.00000,0.00007
15.20125,0.99750,0.99999,0.00000,0.00000,0.00001
15.30125,0.99750,1.00000,0.00000,0.00000,0.00000
15.40125,0.99750,1.00000,0.00000,0.00000,0.00000
15.50125,0.99750,1.00000,0.00000,0.00000,0.00000
15.60125,0.99750,1.00000,0.00000,0.00000,0.00000
15.70125,0.99750,1.00000,0.00000,0.00000,0.00000
15.80125,0.99750,1.00000,0.00000,0.00000,0.00000
15.90125,0.99750,1.00000,0.00000,0.00000,0.00000
16.00125,0.99750,0.99999,0.00001,0.00000,0.00000
16.10125,0.99750,0.99998,0.00002,0.00000,0.00000
16.20125,0.99750,1.00000,0.00000,0.00000,0.00000
16.30125,0.99750,1.00000,0.00000,0.00000,0.00000
16.40125,0.99750,1.00000,0.00000,0.00000,0.00000
16.50125,0.99750,1.00000,0.00000,0.00000,0.00000
16.60125,0.99750,1.00000,0.00000,0.00000,0.00000
16.70125,0.99750,1.00000,0.00000,0.00000,0.00000
16.80125,0.99750,1.00000,0.00000,0.00000,0.00000
16.90125,0.99750,1.00000,0.00000,0.00000,0.00000
17.00125,0.99750,0.99990,0.00000,0.00000,0.00010
17.10125,0.99750,0.99989,0.00000,0.00000,0.00011
17.20125,0.99750,0.99998,0.00000,0.00000,0.00002
17.30125,0.99750,0.99995,0.00000,0.00000,0.00005
17.40125,0.99750,0.99989,0.00000,0.00000,0.00011
17.50125,0.99750,0.99985,0.00000,0.00000,0.00015
17.60125,0.99750,0.99955,0.00000,0.00000,0.00045
17.70125,0.99750,0.99947,0.00000,0.00000,0.00053
17.80125,0.99750,0.99981,0.00000,0.00000,0.00019
17.90125,0.99750,0.99994,0.00000,0.00000,0.00006
18.00125,0.99750,0.99999,0.00000,0.00000,0.00001
18.10125,0.99750,1.00000,0.00000,0.00000,0.00000
18.20125,0.99750,1.00000,0.00000,0.00000,0.00000
18.30125,0.99750,1.00000,0.00000,0.00000,0.00000
18.40125,0.99750,1.00000,0.00000,0.00000,0.00000
18.50125,0.99750,1.00000,0.00000,0.00000,0.00000
18.60125,0.99750,1.00000,0.00000,0.00000,0.00000
18.70125,0.99750,1.00000,0.00000,0.00000,0.00000
18.80125,0.99750,1.00000,0.00000,0.00000,0.00000
18.90125,0.99750,1.00000,0.00000,0.00000,0.00000
19.00125,0.99750,1.00000,0.00000,0.00000,0.00000
19.10125,0.99750,0.99997,0.00000,0.00000,0.00003
19.20125,0.99750,1.00000,0.00000,0.00000,0.00000
19.30125,0.99750,1.00000,0.00000,0.00000,0.00000
19.40125,0.99750,1.00000,0.00000,0.00000,0.00000
19.50125,0.99750,1.00000,0.00000,0.00000,0.00000
19.60125,0.99750,1.00000,0.00000,0.00000,0.00000
19.70125,0.99750,0.99997,0.00002,0.00000,0.00000
19.80125,0.99750,0.99999,0.00000,0.00001,0.00000
19.90125,0.99750,0.99998,0.00000,0.00002,0.00000
20.00125,0.99750,0.99996,0.00000,0.00004,0.00000
20.10125,0.99750,0.99988,0.00000,0.00008,0.00004
20.20125,0.99750,0.99930,0.00000,0.00007,0.00063
20.30125,0.99750,0.99996,0.00000,0.00000,0.00004
20.40125,0.99750,0.99998,0.00000,0.00000,0.00001
20.50125,0.99750,0.99998,0.00000,0.00000,0.00001
20.60125,0.99750,0.99999,0.00000,0.00000,0.00000
20.70125,0.99750,0.99999,0.00000,0.00001,0.00000
20.80125,0.99750,0.99999,0.00000,0.00001,0.00000
20.90125,0.99750,0.99998,0.00000,0.00002,0.00000
21.00125,0.99750,0.99997,0.00000,0.00003,0.00000
21.10125,0.99750,0.99998,0.00000,0.00002,0.00000
21.20125,0.99750,0.99998,0.00000,0.00002,0.00000
21.30125,0.99750,0.99995,0.00000,0.00005,0.00000
21.40125,0.99750,0.99998,0.00000,0.00002,0.00000
21.50125,0.99750,1.00000,0.00000,0.00000,0.00000
21.60125,0.99750,0.99999,0.00000,0.00001,0.00000
21.70125,0.99750,0.99996,0.00000,0.00004,0.00000
21.80125,0.99750,0.99997,0.00000,0.00003,0.00000
21.90125,0.99750,0.99997,0.00000,0.00003,0.00000
22.00125,0.99750,0.99998,0.00000,0.00002,0.00000
22.10125,0.99750,0.99996,0.00000,0.00003,0.00001
22.20125,0.99750,0.99996,0.00000,0.00002,0.00002
22.30125,0.99750,0.99996,0.00000,0.00002,0.00002
22.40125,0.99750,0.99998,0.00000,0.00002,0.00001
22.50125,0.99750,0.99996,0.00000,0.00001,0.00003
22.60125,0.99750,1.00000,0.00000,0.00000,0.00000
22.70125,0.99750,1.00000,0.00000,0.00000,0.00000
22.80125,0.99750,1.00000,0.00000,0.00000,0.00000
22.90125,0.99750,1.00000,0.00000,0.00000,0.00000
23.00125,0.99750,1.00000,0.00000,0.00000,0.00000
23.10125,0.99750,1.00000,0.00000,0.00000,0.00000
23.20125,0.99750,1.00000,0.00000,0.00000,0.00000
23.30125,0.99750,1.00000,0.00000,0.00000,0.00000
23.40125,0.99750,1.00000,0.00000,0.00000,0.00000
23.50125,0.99750,1.00000,0.00000,0.00000,0.00000
23.60125,0.99750,1.00000,0.00000,0.00000,0.00000
23.70125,0.99750,1.00000,0.00000,0.00000,0.00000
23.80125,0.99750,1.00000,0.00000,0.00000,0.00000
23.90125,0.99750,1.00000,0.00000,0.00000,0.00000
24.00125,0.99750,1.00000,0.00000,0.00000,0.00000
24.10125,0.99750,1.00000,0.00000,0.00000,0.00000
24.20125,0.99750,1.00000,0.00000,0.00000,0.00000
24.30125,0.99750,1.00000,0.00000,0.00000,0.00000
24.40125,0.99750,1.00000,0.00000,0.00000,0.00000
24.50125,0.99750,1.00000,0.00000,0.00000,0.00000
24.60125,0.99750,1.00000,0.00000,0.00000,0.00000
24.70125,0.99750,1.00000,0.00000,0.00000,0.00000
24.80125,0.99750,1.00000,0.00000,0.00000,0.00000
24.90125,0.99750,1.00000,0.00000,0.00000,0.00000
25.00125,0.99750,1.00000,0.00000,0.00000,0.00000
25.10125,0.99750,1.00000,0.00000,0.00000,0.00000
25.20125,0.99750,1.00000,0.00000,0.00000,0.00000
25.30125,0.99750,1.00000,0.00000,0.00000,0.00000
25.40125,0.99750,1.00000,0.00000,0.00000,0.00000
25.50125,0.99750,1.00000,0.00000,0.00000,0.00000
25.60125,0.99750,1.00000,0.00000,0.00000,0.00000
25.70125,0.99750,1.00000,0.00000,0.00000,0.00000
25.80125,0.99750,1.00000,0.00000,0.00000,0.00000
25.90125,0.99750,0.99999,0.00000,0.00000,0.00001
26.00125,0.99750,0.99995,0.00000,0.00000,0.00005
26.10125,0.99750,0.99998,0.00000,0.00000,0.00002
26.20125,0.99750,1.00000,0.00000,0.00000,0.00000
26.30125,0.99750,1.00000,0.00000,0.00000,0.00000
26.40125,0.99750,1.00000,0.00000,0.00000,0.00000
26.50125,0.99750,1.00000,0.00000,0.00000,0.00000
26.60125,0.99750,1.00000,0.00000,0.00000,0.00000
26.70125,0.99750,1.00000,0.00000,0.00000,0.00000
26.80125,0.99750,1.00000,0.00000,0.00000,0.00000
26.90125,0.99750,1.00000,0.00000,0.00000,0.00000
27.00125,0.99750,1.00000,0.00000,0.00000,0.00000
27.10125,0.99750,1.00000,0.00000,0.00000,0.00000
27.20125,0.99750,1.00000,0.00000,0.00000,0.00000
27.30125,0.99750,1.00000,0.00000,0.00000,0.00000
27.40125,0.99750,0.99999,0.00000,0.00000,0.00001
27.50125,0.99750,1.00000,0.00000,0.00000,0.00000
27.60125,0.99750,1.00000,0.00000,0.00000,0.00000
27.70125,0.99750,1.00000,0.00000,0.00000,0.00000
27.80125,0.99750,0.99999,0.00000,0.00000,0.00001
27.90125,0.99750,0.99998,0.00000,0.00000,0.00002
28.00125,0.99750,0.99999,0.00000,0.00000,0.00001
28.10125,0.99750,1.00000,0.00000,0.00000,0.00000
28.20125,0.99750,1.00000,0.00000,0.00000,0.00000
28.30125,0.99750,1.00000,0.00000,0.00000,0.00000
28.40125,0.99750,1.00000,0.00000,0.00000,0.00000
28.50125,0.99750,1.00000,0.00000,0.00000,0.00000
28.60125,0.99750,1.00000,0.00000,0.00000,0.00000
28.70125,0.99750,1.00000,0.00000,0.00000,0.00000
28.80125,0.99750,1.00000,0.00000,0.00000,0.00000
28.90125,0.99750,1.00000,0.00000,0.00000,0.00000
29.00125,0.99750,1.00000,0.00000,0.00000,0.00000
29.10125,0.99750,1.00000,0.00000,0.00000,0.00000
29.20125,0.99750,1.00000,0.00000,0.00000,0.00000
29.30125,0.99750,1.00000,0.00000,0.00000,0.00000
29.40125,0.99750,1.00000,0.00000,0.00000,0.00000
29.50125,0.99750,1.00000,0.00000,0.00000,0.00000
29.60125,0.99750,0.99999,0.00000,0.00000,0.00001
29.70125,0.99750,0.99998,0.00000,0.00000,0.00002
29.80125,0.99750,0.99995,0.00000,0.00000,0.00005
29.90125,0.99750,0.99996,0.00000,0.00000,0.00004
30.00125,0.99750,0.99994,0.00000,0.00000,0.00006
30.10125,0.99750,0.99989,0.00000,0.00000,0.00011
30.20125,0.99750,0.99992,0.00000,0.00000,0.00008
30.30125,0.99750,0.99991,0.00000,0.00000,0.00009
30.40125,0.99750,0.99987,0.00000,0.00000,0.00013
30.50125,0.99750,0.99978,0.00000,0.00000,0.00022
30.60125,0.99750,0.99983,0.00000,0.00000,0.00017
30.70125,0.99750,0.99992,0.00000,0.00000,0.00008
30.80125,0.99750,0.99993,0.00000,0.00000,0.00007
30.90125,0.99750,0.99997,0.00000,0.00000,0.00003
31.00125,0.99750,0.99998,0.00000,0.00000,0.00002
31.10125,0.99750,0.99998,0.00000,0.00000,0.00002
31.20125,0.99750,0.99998,0.00000,0.00000,0.00002
31.30125,0.99750,0.99998,0.00000,0.00000,0.00002
31.40125,0.99750,0.99997,0.00000,0.00000,0.00003
31.50125,0.99750,0.99997,0.00000,0.00000,0.00003
31.60125,0.99750,0.99994,0.00000,0.00000,0.00006
31.70125,0.99750,0.99989,0.00000,0.00000,0.00011
31.80125,0.99750,0.99987,0.00000,0.00000,0.00013
31.90125,0.99750,0.99986,0.00000,0.00000,0.00014
32.00125,0.99750,0.99990,0.00000,0.00000,0.00010
32.10125,0.99750,0.99991,0.00000,0.00000,0.00009
32.20125,0.99750,0.99991,0.00000,0.00000,0.00009
32.30125,0.99750,0.99990,0.00000,0.00000,0.00010
32.40125,0.99750,0.99991,0.00000,0.00000,0.00009
32.50125,0.99750,0.99994,0.00000,0.00000,0.00006
32.60125,0.99750,0.99994,0.00000,0.00000,0.00006
32.70125,0.99750,0.99996,0.00000,0.00000,0.00004
32.80125,0.99750,0.99996,0.00000,0.00000,0.00004
32.90125,0.99750,0.99995,0.00000,0.00000,0.00005
33.00125,0.99750,0.99997,0.00000,0.00000,0.00003
33.10125,0.99750,0.99997,0.00000,0.00000,0.00003
33.20125,0.99750,0.99997,0.00000,0.00000,0.00003
33.30125,0.99750,0.99997,0.00000,0.00000,0.00003
33.40125,0.99750,0.99997,0.00000,0.00000,0.00003
33.50125,0.99750,0.99997,0.00000,0.00000,0.00003
33.60125,0.99750,0.99997,0.00000,0.00000,0.00003
33.70125,0.99750,0.99998,0.00000,0.00000,0.00002
33.80125,0.99750,0.99998,0.00000,0.00000,0.00002
33.90125,0.99750,0.99999,0.00000,0.00000,0.00001
34.00125,0.99750,0.99999,0.00000,0.00000,0.00000
34.10125,0.99750,0.99999,0.00000,0.00000,0.00000
34.20125,0.99750,0.99999,0.00000,0.00000,0.00000
34.30125,0.99750,0.99999,0.00000,0.00000,0.00001
34.40125,0.99750,1.00000,0.00000,0.00000,0.00000
34.50125,0.99750,1.00000,0.00000,0.00000,0.00000
34.60125,0.99750,1.00000,0.00000,0.00000,0.00000
34.70125,0.99750,1.00000,0.00000,0.00000,0.00000
34.80125,0.99750,1.00000,0.00000,0.00000,0.00000
34.90125,0.99750,1.00000,0.00000,0.00000,0.00000
35.00125,0.99750,1.00000,0.00000,0.00000,0.00000
35.10125,0.99750,1.00000,0.00000,0.00000,0.00000
35.20125,0.99750,1.00000,0.00000,0.00000,0.00000
35.30125,0.99750,1.00000,0.00000,0.00000,0.00000
35.40125,0.99750,1.00000,0.00000,0.00000,0.00000
35.50125,0.99750,0.99999,0.00000,0.00000,0.00001
35.60125,0.99750,0.99999,0.00000,0.00000,0.00001
35.70125,0.99750,0.99998,0.00000,0.00000,0.00002
35.80125,0.99750,0.99999,0.00000,0.00000,0.00001
35.90125,0.99750,0.99999,0.00000,0.00000,0.00001
36.00125,0.99750,0.99998,0.00000,0.00000,0.00002
36.10125,0.99750,1.00000,0.00000,0.00000,0.00000
36.20125,0.99750,1.00000,0.00000,0.00000,0.00000
36.30125,0.99750,1.00000,0.00000,0.00000,0.00000
36.40125,0.99750,1.00000,0.00000,0.00000,0.00000
36.50125,0.99750,0.99999,0.00000,0.00000,0.00001
36.60125,0.99750,0.99996,0.00000,0.00000,0.00004
36.70125,0.99750,0.99997,0.00000,0.00000,0.00003
36.80125,0.99750,0.99998,0.00000,0.00000,0.00002
36.90125,0.99750,0.99998,0.00000,0.00000,0.00001
37.00125,0.99750,0.99999,0.00000,0.00000,0.00001
37.10125,0.99750,0.99999,0.00000,0.00000,0.00001
37.20125,0.99750,0.99999,0.00000,0.00000,0.00001
37.30125,0.99750,0.99999,0.00000,0.00000,0.00001
37.40125,0.99750,1.00000,0.00000,0.00000,0.00000
37.50125,0.99750,1.00000,0.00000,0.00000,0.00000
37.60125,0.99750,1.00000,0.00000,0.00000,0.00000
37.70125,0.99750,1.00000,0.00000,0.00000,0.00000
37.80125,0.99750,1.00000,0.00000,0.00000,0.00000
37.90125,0.99750,1.00000,0.00000,0.00000,0.00000
38.00125,0.99750,1.00000,0.00000,0.00000,0.00000
38.10125,0.99750,1.00000,0.00000,0.00000,0.00000
38.20125,0.99750,1.00000,0.00000,0.00000,0.00000
38.30125,0.99750,1.00000,0.00000,0.00000,0.00000
38.40125,0.99750,1.00000,0.00000,0.00000,0.00000
38.50125,0.99750,1.00000,0.00000,0.00000,0.00000
38.60125,0.99750,1.00000,0.00000,0.00000,0.00000
38.70125,0.99750,1.00000,0.00000,0.00000,0.00000
38.80125,0.99750,1.00000,0.00000,0.00000,0.00000
38.90125,0.99750,1.00000,0.00000,0.00000,0.00000
39.00125,0.99750,1.00000,0.00000,0.00000,0.00000
39.10125,0.99750,1.00000,0.00000,0.00000,0.00000
39.20125,0.99750,1.00000,0.00000,0.00000,0.00000
39.30125,0.99750,1.00000,0.00000,0.00000,0.00000
39.40125,0.99750,1.00000,0.00000,0.00000,0.00000
39.50125,0.99750,1.00000,0.00000,0.00000,0.00000
39.60125,0.99750,1.00000,0.00000,0.00000,0.00000
39.70125,0.99750,1.00000,0.00000,0.00000,0.00000
39.80125,0.99750,1.00000,0.00000,0.00000,0.00000
39.90125,0.99750,1.00000,0.00000,0.00000,0.00000
40.00125,0.99750,1.00000,0.00000,0.00000,0.00000
40.10125,0.99750,1.00000,0.00000,0.00000,0.00000
40.20125,0.99750,1.00000,0.00000,0.00000,0.00000
40.30125,0.99750,1.00000,0.00000,0.00000,0.00000
40.40125,0.99750,1.00000,0.00000,0.00000,0.00000
40.50125,0.99750,1.00000,0.00000,0.00000,0.00000
40.60125,0.99750,0.99998,0.00000,0.00000,0.00002
40.70125,0.99750,0.99990,0.00000,0.00000,0.00010
40.80125,0.99750,0.99986,0.00000,0.00000,0.00014
40.90125,0.99750,0.99979,0.00000,0.00000,0.00021
41.00125,0.99750,0.99977,0.00000,0.00000,0.00023
41.10125,0.99750,0.99970,0.00000,0.00000,0.00030
41.20125,0.99750,0.99989,0.00000,0.00000,0.00011
41.30125,0.99750,0.99989,0.00000,0.00000,0.00011
41.40125,0.99750,0.99999,0.00000,0.00000,0.00001
41.50125,0.99750,0.99999,0.00000,0.00000,0.00001
41.60125,0.99750,1.00000,0.00000,0.00000,0.00000
41.70125,0.99750,1.00000,0.00000,0.00000,0.00000
41.80125,0.99750,1.00000,0.00000,0.00000,0.00000
41.90125,0.99750,1.00000,0.00000,0.00000,0.00000
42.00125,0.99750,1.00000,0.00000,0.00000,0.00000
42.10125,0.99750,1.00000,0.00000,0.00000,0.00000
42.20125,0.99750,1.00000,0.00000,0.00000,0.00000
42.30125,0.99750,1.00000,0.00000,0.00000,0.00000
42.40125,0.99750,1.00000,0.00000,0.00000,0.00000
42.50125,0.99750,1.00000,0.00000,0.00000,0.00000
42.60125,0.99750,1.00000,0.00000,0.00000,0.00000
42.70125,0.99750,1.00000,0.00000,0.00000,0.00000
42.80125,0.99750,1.00000,0.00000,0.00000,0.00000
42.90125,0.99750,1.00000,0.00000,0.00000,0.00000
43.00125,0.99750,0.99999,0.00000,0.00000,0.00001
43.10125,0.99750,0.99999,0.00000,0.00000,0.00001
43.20125,0.99750,0.99999,0.00000,0.00000,0.00001
43.30125,0.99750,1.00000,0.00000,0.00000,0.00000
43.40125,0.99750,0.99999,0.00000,0.00000,0.00001
43.50125,0.99750,1.00000,0.00000,0.00000,0.00000
43.60125,0.99750,0.99999,0.00000,0.00000,0.00001
43.70125,0.99750,0.99999,0.00000,0.00000,0.00000
43.80125,0.99750,1.00000,0.00000,0.00000,0.00000
43.90125,0.99750,1.00000,0.00000,0.00000,0.00000
44.00125,0.99750,1.00000,0.00000,0.00000,0.00000
44.10125,0.99750,0.99999,0.00000,0.00000,0.00001
44.20125,0.99750,1.00000,0.00000,0.00000,0.00000
44.30125,0.99750,1.00000,0.00000,0.00000,0.00000
44.40125,0.99750,1.00000,0.00000,0.00000,0.00000
44.50125,0.99750,1.00000,0.00000,0.00000,0.00000
44.60125,0.99750,0.99999,0.00000,0.00000,0.00001
44.70125,0.99750,0.99999,0.00000,0.00000,0.00001
44.80125,0.99750,0.99999,0.00000,0.00000,0.00001
44.90125,0.99750,0.99999,0.00000,0.00000,0.00001
45.00125,0.99750,1.00000,0.00000,0.00000,0.00000
45.10125,0.99750,1.00000,0.00000,0.00000,0.00000
45.20125,0.99750,0.99999,0.00000,0.00000,0.00001
45.30125,0.99750,1.00000,0.00000,0.00000,0.00000
45.40125,0.99750,0.99999,0.00000,0.00000,0.00001
45.50125,0.99750,0.99999,0.00000,0.00000,0.00001
45.60125,0.99750,0.99999,0.00000,0.00000,0.00001
45.70125,0.99750,0.99999,0.00000,0.00000,0.00001
45.80125,0.99750,0.99999,0.00000,0.00000,0.00001
45.90125,0.99750,0.99999,0.00000,0.00000,0.00001
46.00125,0.99750,1.00000,0.00000,0.00000,0.00000
46.10125,0.99750,0.99999,0.00000,0.00000,0.00001
46.20125,0.99750,1.00000,0.00000,0.00000,0.00000
46.30125,0.99750,0.99999,0.00000,0.00000,0.00001
46.40125,0.99750,1.00000,0.00000,0.00000,0.00000
46.50125,0.99750,0.99999,0.00000,0.00000,0.00001
46.60125,0.99750,0.99999,0.00000,0.00000,0.00001
46.70125,0.99750,1.00000,0.00000,0.00000,0.00000
46.80125,0.99750,0.99999,0.00000,0.00000,0.00001
46.90125,0.99750,0.99999,0.00000,0.00000,0.00001
47.00125,0.99750,1.00000,0.00000,0.00000,0.00000
47.10125,0.99750,1.00000,0.00000,0.00000,0.00000
47.20125,0.99750,1.00000,0.00000,0.00000,0.00000
47.30125,0.99750,0.99999,0.00000,0.00000,0.00001
47.40125,0.99750,1.00000,0.00000,0.00000,0.00000
47.50125,0.99750,0.99999,0.00000,0.00000,0.00000
47.60125,0.99750,0.99999,0.00000,0.00000,0.00001
47.70125,0.99750,1.00000,0.00000,0.00000,0.00000
47.80125,0.99750,1.00000,0.00000,0.00000,0.00000
47.90125,0.99750,1.00000,0.00000,0.00000,0.00000
48.00125,0.99750,1.00000,0.00000,0.00000,0.00000
48.10125,0.99750,1.00000,0.00000,0.00000,0.00000
48.20125,0.99750,1.00000,0.00000,0.00000,0.00000
48.30125,0.99750,1.00000,0.00000,0.00000,0.00000
48.40125,0.99750,1.00000,0.00000,0.00000,0.00000
48.50125,0.99750,1.00000,0.00000,0.00000,0.00000
48.60125,0.99750,0.99999,0.00000,0.00000,0.00001
48.70125,0.99750,0.99999,0.00000,0.00000,0.00001
48.80125,0.99750,0.99999,0.00000,0.00000,0.00001
48.90125,0.99750,0.99999,0.00000,0.00000,0.00001
49.00125,0.99750,0.99999,0.00000,0.00000,0.00001
49.10125,0.99750,0.99999,0.00000,0.00000,0.00001
49.20125,0.99750,0.99999,0.00000,0.00000,0.00001
49.30125,0.99750,0.99999,0.00000,0.00000,0.00001
49.40125,0.99750,0.99999,0.00000,0.00000,0.00001
49.50125,0.99750,1.00000,0.00000,0.00000,0.00000
49.60125,0.99750,1.00000,0.00000,0.00000,0.00000
49.70125,0.99750,0.99999,0.00000,0.00000,0.00001
49.80125,0.99750,1.00000,0.00000,0.00000,0.00000
49.90125,0.99750,0.99999,0.00000,0.00000,0.00001
50.00125,0.99750,1.00000,0.00000,0.00000,0.00000
50.10125,0.99750,0.99999,0.00000,0.00000,0.00000
50.20125,0.99750,0.99999,0.00000,0.00000,0.00001
50.30125,0.99750,0.99999,0.00000,0.00000,0.00001
50.40125,0.99750,0.99999,0.00000,0.00000,0.00001
50.50125,0.99750,1.00000,0.00000,0.00000,0.00000
50.60125,0.99750,0.99999,0.00000,0.00000,0.00001
50.70125,0.99750,1.00000,0.00000,0.00000,0.00000
50.80125,0.99750,1.00000,0.00000,0.00000,0.00000
50.90125,0.99750,1.00000,0.00000,0.00000,0.00000
51.00125,0.99750,1.00000,0.00000,0.00000,0.00000
51.10125,0.99750,1.00000,0.00000,0.00000,0.00000
51.20125,0.99750,0.99999,0.00000,0.00000,0.00001
51.30125,0.99750,0.99999,0.00000,0.00000,0.00001
51.40125,0.99750,0.99999,0.00000,0.00000,0.00001
51.50125,0.99750,0.99999,0.00000,0.00000,0.00001
51.60125,0.99750,0.99999,0.00000,0.00000,0.00001
51.70125,0.99750,1.00000,0.00000,0.00000,0.00000
51.80125,0.99750,0.99999,0.00000,0.00000,0.00001
51.90125,0.99750,0.99999,0.00000,0.00000,0.00001
52.00125,0.99750,1.00000,0.00000,0.00000,0.00000
52.10125,0.99750,1.00000,0.00000,0.00000,0.00000
52.20125,0.99750,1.00000,0.00000,0.00000,0.00000
52.30125,0.99750,0.99999,0.00001,0.00000,0.00000
52.40125,0.99750,0.99986,0.00013,0.00001,0.00000
52.50125,0.99750,0.99946,0.00052,0.00002,0.00000
52.60125,0.99750,0.99919,0.00080,0.00001,0.00000
52.70125,0.99750,0.99887,0.00112,0.00001,0.00000
52.80125,0.99750,0.99856,0.00143,0.00001,0.00000
52.90125,0.99750,0.99889,0.00111,0.00001,0.00000
53.00125,0.99750,0.99973,0.00027,0.00000,0.00000
53.10125,0.99750,0.99996,0.00004,0.00000,0.00000
53.20125,0.99750,1.00000,0.00000,0.00000,0.00000
53.30125,0.99750,1.00000,0.00000,0.00000,0.00000
53.40125,0.99750,1.00000,0.00000,0.00000,0.00000
53.50125,0.99750,1.00000,0.00000,0.00000,0.00000
53.60125,0.99750,0.99999,0.00000,0.00000,0.00000
53.70125,0.99750,0.99998,0.00000,0.00000,0.00002
53.80125,0.99750,0.99997,0.00000,0.00000,0.00003
53.90125,0.99750,0.99995,0.00000,0.00000,0.00005
54.00125,0.99750,0.99986,0.00000,0.00000,0.00014
54.10125,0.99750,0.99993,0.00000,0.00000,0.00007
54.20125,0.99750,0.99981,0.00000,0.00000,0.00019
54.30125,0.99750,0.99940,0.00000,0.00000,0.00060
54.40125,0.99750,0.99408,0.00000,0.00002,0.00589
54.50125,0.99750,0.98672,0.00000,0.00005,0.01323
54.60125,0.99750,0.99191,0.00000,0.00000,0.00808
54.70125,0.99750,0.99802,0.00000,0.00000,0.00198
54.80125,0.99750,0.99666,0.00000,0.00000,0.00334
54.90125,0.99750,0.99478,0.00000,0.00000,0.00522
55.00125,0.99750,0.99409,0.00000,0.00000,0.00591
55.10125,0.99750,0.99313,0.00000,0.00000,0.00687
55.20125,0.99750,0.99932,0.00000,0.00000,0.00068
55.30125,0.99750,0.99994,0.00000,0.00000,0.00005
55.40125,0.99750,0.99999,0.00001,0.00000,0.00000
55.50125,0.99750,0.99999,0.00001,0.00000,0.00000
55.60125,0.99750,0.99998,0.00002,0.00000,0.00000
55.70125,0.99750,0.99999,0.00001,0.00000,0.00000
55.80125,0.99750,1.00000,0.00000,0.00000,0.00000
55.90125,0.99750,1.00000,0.00000,0.00000,0.00000
56.00125,0.99750,1.00000,0.00000,0.00000,0.00000
56.10125,0.99750,1.00000,0.00000,0.00000,0.00000
56.20125,0.99750,1.00000,0.00000,0.00000,0.00000
56.30125,0.99750,0.99999,0.00000,0.00000,0.00000
56.40125,0.99750,0.99990,0.00000,0.00000,0.00009
56.50125,0.99750,0.99957,0.00000,0.00001,0.00042
56.60125,0.99750,0.99853,0.00001,0.00022,0.00123
56.70125,0.99750,0.99858,0.00003,0.00038,0.00101
56.80125,0.99750,0.99702,0.00062,0.00085,0.00151
56.90125,0.99750,0.99665,0.00086,0.00104,0.00145
57.00125,0.99750,0.99715,0.00038,0.00246,0.00001
57.10125,0.99750,0.99868,0.00016,0.00116,0.00000
57.20125,0.99750,0.99959,0.00004,0.00037,0.00000
57.30125,0.99750,0.99926,0.00015,0.00058,0.00000
57.40125,0.99750,0.99900,0.00043,0.00057,0.00000
57.50125,0.99750,0.99960,0.00020,0.00021,0.00000
57.60125,0.99750,0.99993,0.00007,0.00001,0.00000
57.70125,0.99750,0.99980,0.00020,0.00000,0.00000
57.80125,0.99750,0.99994,0.00006,0.00000,0.00000
57.90125,0.99750,0.99966,0.00034,0.00000,0.00000
58.00125,0.99750,0.99967,0.00033,0.00000,0.00000
58.10125,0.99750,0.99938,0.00062,0.00000,0.00000
58.20125,0.99750,0.99923,0.00077,0.00000,0.00000
58.30125,0.99750,0.99956,0.00041,0.00000,0.00003
58.40125,0.99750,0.99676,0.00224,0.00000,0.00100
58.50125,0.99750,0.98824,0.00278,0.00000,0.00898
58.60125,0.99750,0.97588,0.02305,0.00000,0.00107
58.70125,0.99750,0.90935,0.09036,0.00000,0.00029
58.80125,0.99750,0.98213,0.01723,0.00000,0.00064
58.90125,0.99750,0.99996,0.00003,0.00000,0.00002
59.00125,0.99750,0.99999,0.00001,0.00000,0.00000
59.10125,0.99750,1.00000,0.00000,0.00000,0.00000
59.20125,0.99750,1.00000,0.00000,0.00000,0.00000
59.30125,0.99750,1.00000,0.00000,0.00000,0.00000
59.40125,0.99750,1.00000,0.00000,0.00000,0.00000
59.50125,0.99750,1.00000,0.00000,0.00000,0.00000
59.60125,0.99750,1.00000,0.00000,0.00000,0.00000
59.70125,0.99750,1.00000,0.00000,0.00000,0.00000
59.80125,0.99750,1.00000,0.00000,0.00000,0.00000
59.90125,0.99750,1.00000,0.00000,0.00000,0.00000
60.00125,0.99750,1.00000,0.00000,0.00000,0.00000
60.10125,0.99750,1.00000,0.00000,0.00000,0.00000
60.20125,0.99750,1.00000,0.00000,0.00000,0.00000
60.30125,0.99750,1.00000,0.00000,0.00000,0.00000
60.40125,0.99750,1.00000,0.00000,0.00000,0.00000
60.50125,0.99750,1.00000,0.00000,0.00000,0.00000
60.60125,0.99750,1.00000,0.00000,0.00000,0.00000
60.70125,0.99750,1.00000,0.00000,0.00000,0.00000
60.80125,0.99750,1.00000,0.00000,0.00000,0.00000
60.90125,0.99750,1.00000,0.00000,0.00000,0.00000
61.00125,0.99750,1.00000,0.00000,0.00000,0.00000
61.10125,0.99750,1.00000,0.00000,0.00000,0.00000
61.20125,0.99750,1.00000,0.00000,0.00000,0.00000
61.30125,0.99750,1.00000,0.00000,0.00000,0.00000
61.40125,0.99750,1.00000,0.00000,0.00000,0.00000
61.50125,0.99750,0.99996,0.00000,0.00000,0.00004
61.60125,0.99750,0.99993,0.00000,0.00000,0.00007
61.70125,0.99750,1.00000,0.00000,0.00000,0.00000
61.80125,0.99750,1.00000,0.00000,0.00000,0.00000
61.90125,0.99750,0.99998,0.00001,0.00000,0.00000
62.00125,0.99750,0.99998,0.00002,0.00000,0.00000
62.10125,0.99750,0.99985,0.00015,0.00000,0.00000
62.20125,0.99750,0.99885,0.00115,0.00000,0.00000
62.30125,0.99750,0.99967,0.00033,0.00000,0.00000
62.40125,0.99750,0.99993,0.00007,0.00000,0.00000
62.50125,0.99750,0.99986,0.00014,0.00001,0.00000
62.60125,0.99750,0.99997,0.00001,0.00001,0.00001
62.70125,0.99750,0.99999,0.00000,0.00000,0.00001
62.80125,0.99750,1.00000,0.00000,0.00000,0.00000
62.90125,0.99750,1.00000,0.00000,0.00000,0.00000
63.00125,0.99750,1.00000,0.00000,0.00000,0.00000
63.10125,0.99750,1.00000,0.00000,0.00000,0.00000
63.20125,0.99751,1.00000,0.00000,0.00000,0.00000
63.30125,0.99750,1.00000,0.00000,0.00000,0.00000
63.40125,0.99750,1.00000,0.00000,0.00000,0.00000
63.50125,0.99750,1.00000,0.00000,0.00000,0.00000
63.60125,0.99750,1.00000,0.00000,0.00000,0.00000
63.70125,0.99751,1.00000,0.00000,0.00000,0.00000
63.80125,0.99750,1.00000,0.00000,0.00000,0.00000
63.90125,0.99750,1.00000,0.00000,0.00000,0.00000
64.00125,0.99750,1.00000,0.00000,0.00000,0.00000
64.10125,0.99750,0.99907,0.00000,0.00000,0.00093
64.20125,0.99751,0.99863,0.00000,0.00000,0.00137
64.30125,0.99751,0.99700,0.00000,0.00000,0.00300
64.40125,0.99750,0.99957,0.00000,0.00000,0.00043
64.50125,0.99750,0.99978,0.00000,0.00000,0.00022
64.60125,0.99750,0.99925,0.00000,0.00000,0.00075
64.70125,0.99751,0.99712,0.00000,0.00000,0.00287
64.80125,0.99751,0.98811,0.00000,0.00000,0.01189
64.90125,0.99750,0.99839,0.00000,0.00000,0.00161
65.00125,0.99750,0.99966,0.00000,0.00000,0.00034
65.10125,0.99750,0.99993,0.00000,0.00000,0.00007
65.20125,0.99751,0.99997,0.00000,0.00000,0.00003
65.30125,0.99751,0.99977,0.00000,0.00000,0.00023
65.40125,0.99750,0.99997,0.00000,0.00000,0.00003
65.50125,0.99750,0.99999,0.00000,0.00000,0.00001
65.60125,0.99750,1.00000,0.00000,0.00000,0.00000
65.70125,0.99751,0.99999,0.00000,0.00000,0.00001
65.80125,0.99751,1.00000,0.00000,0.00000,0.00000
65.90125,0.99750,0.99999,0.00000,0.00000,0.00001
66.00125,0.99750,0.99997,0.00000,0.00000,0.00003
66.10125,0.99750,0.99994,0.00000,0.00000,0.00006
66.20125,0.99751,0.99963,0.00000,0.00000,0.00037
66.30125,0.99751,0.99982,0.00000,0.00000,0.00018
66.40125,0.99750,0.99986,0.00000,0.00000,0.00014
66.50125,0.99750,0.99987,0.00000,0.00000,0.00013
66.60125,0.99750,0.99970,0.00000,0.00000,0.00029
66.70125,0.99751,0.99919,0.00000,0.00000,0.00081
66.80125,0.99751,0.99793,0.00000,0.00000,0.00207
66.90125,0.99750,0.99376,0.00000,0.00001,0.00623
67.00125,0.99750,0.99967,0.00000,0.00001,0.00032
67.10125,0.99750,0.99998,0.00001,0.00000,0.00001
67.20125,0.99751,0.99992,0.00004,0.00000,0.00004
67.30125,0.99751,0.99994,0.00005,0.00000,0.00000
67.40125,0.99750,0.99970,0.00030,0.00000,0.00000
67.50125,0.99750,0.99998,0.00002,0.00000,0.00000
67.60125,0.99750,1.00000,0.00000,0.00000,0.00000
67.70125,0.99751,1.00000,0.00000,0.00000,0.00000
67.80125,0.99751,1.00000,0.00000,0.00000,0.00000
67.90125,0.99750,1.00000,0.00000,0.00000,0.00000
68.00125,0.99750,1.00000,0.00000,0.00000,0.00000
68.10125,0.99750,1.00000,0.00000,0.00000,0.00000
68.20125,0.99751,1.00000,0.00000,0.00000,0.00000
68.30125,0.99751,1.00000,0.00000,0.00000,0.00000
68.40125,0.99750,0.99998,0.00000,0.00000,0.00002
68.50125,0.99750,0.99994,0.00000,0.00000,0.00006
68.60125,0.99750,0.99993,0.00000,0.00000,0.00007
68.70125,0.99751,0.99994,0.00000,0.00000,0.00006
68.80125,0.99751,0.99988,0.00000,0.00000,0.00012
68.90125,0.99750,0.99989,0.00000,0.00000,0.00011
69.00125,0.99750,0.99991,0.00000,0.00000,0.00009
69.10125,0.99750,0.99989,0.00000,0.00000,0.00011
69.20125,0.99751,0.99993,0.00000,0.00000,0.00007
69.30125,0.99751,0.99996,0.00000,0.00000,0.00004
69.40125,0.99750,0.99998,0.00000,0.00000,0.00002
69.50125,0.99750,0.99999,0.00000,0.00000,0.00001
69.60125,0.99750,0.99999,0.00000,0.00000,0.00001
69.70125,0.99751,1.00000,0.00000,0.00000,0.00000
69.80125,0.99751,1.00000,0.00000,0.00000,0.00000
69.90125,0.99750,0.99998,0.00000,0.00000,0.00002
70.00125,0.99750,0.99997,0.00000,0.00000,0.00003
70.10125,0.99750,0.99998,0.00000,0.00000,0.00002
70.20125,0.99751,0.99998,0.00000,0.00000,0.00002
70.30125,0.99751,0.99999,0.00000,0.00000,0.00001
70.40125,0.99750,0.99999,0.00000,0.00000,0.00001
70.50125,0.99750,0.99999,0.00000,0.00000,0.00001
70.60125,0.99750,0.99999,0.00000,0.00000,0.00001
70.70125,0.99751,0.99999,0.00000,0.00000,0.00001
70.80125,0.99751,0.99999,0.00000,0.00000,0.00001
70.90125,0.99750,0.99999,0.00000,0.00000,0.00001
71.00125,0.99750,0.99999,0.00000,0.00000,0.00001
71.10125,0.99750,0.99999,0.00000,0.00000,0.00001
71.20125,0.99751,0.99999,0.00000,0.00000,0.00001
71.30125,0.99751,0.99999,0.00000,0.00000,0.00001
71.40125,0.99750,1.00000,0.00000,0.00000,0.00000
71.50125,0.99750,0.99999,0.00000,0.00000,0.00001
71.60125,0.99750,0.99999,0.00000,0.00000,0.00001
71.70125,0.99751,0.99999,0.00000,0.00000,0.00001
71.80125,0.99751,1.00000,0.00000,0.00000,0.00000
71.90125,0.99750,0.99999,0.00000,0.00000,0.00001
72.00125,0.99750,0.99999,0.00000,0.00000,0.00001
72.10125,0.99750,0.99999,0.00000,0.00000,0.00001
72.20125,0.99751,0.99997,0.00000,0.00000,0.00003
72.30125,0.99751,0.99998,0.00000,0.00000,0.00002
72.40125,0.99750,0.99998,0.00000,0.00000,0.00002
72.50125,0.99750,0.99998,0.00000,0.00000,0.00002
72.60125,0.99750,0.99997,0.00000,0.00000,0.00003
72.70125,0.99751,0.99998,0.00000,0.00000,0.00002
72.80125,0.99751,0.99997,0.00000,0.00000,0.00003
72.90125,0.99750,0.99996,0.00000,0.00000,0.00004
73.00125,0.99750,0.99997,0.00000,0.00000,0.00003
73.10125,0.99750,0.99998,0.00000,0.00000,0.00002
73.20125,0.99751,0.99998,0.00000,0.00000,0.00002
73.30125,0.99751,0.99997,0.00000,0.00000,0.00003
73.40125,0.99750,0.99996,0.00000,0.00000,0.00004
73.50125,0.99750,0.99997,0.00000,0.00000,0.00003
73.60125,0.99750,0.99998,0.00000,0.00000,0.00002
73.70125,0.99751,0.99999,0.00000,0.00000,0.00001
73.80125,0.99751,1.00000,0.00000,0.00000,0.00000
73.90125,0.99750,1.00000,0.00000,0.00000,0.00000
74.00125,0.99750,1.00000,0.00000,0.00000,0.00000
74.10125,0.99750,1.00000,0.00000,0.00000,0.00000
74.20125,0.99751,1.00000,0.00000,0.00000,0.00000
74.30125,0.99751,1.00000,0.00000,0.00000,0.00000
74.40125,0.99750,1.00000,0.00000,0.00000,0.00000
74.50125,0.99750,1.00000,0.00000,0.00000,0.00000
74.60125,0.99750,1.00000,0.00000,0.00000,0.00000
74.70125,0.99751,1.00000,0.00000,0.00000,0.00000
74.80125,0.99751,1.00000,0.00000,0.00000,0.00000
74.90125,0.99750,1.00000,0.00000,0.00000,0.00000
75.00125,0.99750,1.00000,0.00000,0.00000,0.00000
75.10125,0.99750,1.00000,0.00000,0.00000,0.00000
75.20125,0.99751,1.00000,0.00000,0.00000,0.00000
75.30125,0.99751,1.00000,0.00000,0.00000,0.00000
75.40125,0.99750,0.99999,0.00000,0.00000,0.00000
75.50125,0.99750,0.99998,0.00002,0.00000,0.00000
75.60125,0.99750,0.99999,0.00001,0.00000,0.00000
75.70125,0.99751,1.00000,0.00000,0.00000,0.00000
75.80125,0.99751,1.00000,0.00000,0.00000,0.00000
75.90125,0.99750,0.99997,0.00003,0.00000,0.00000
76.00125,0.99750,0.99994,0.00006,0.00000,0.00000
76.10125,0.99750,0.99997,0.00003,0.00000,0.00000
76.20125,0.99751,1.00000,0.00000,0.00000,0.00000
76.30125,0.99751,0.99999,0.00001,0.00000,0.00000
76.40125,0.99750,1.00000,0.00000,0.00000,0.00000
76.50125,0.99750,0.99999,0.00001,0.00000,0.00000
76.60125,0.99750,0.99981,0.00019,0.00000,0.00000
76.70125,0.99751,0.99991,0.00009,0.00000,0.00000
76.80125,0.99751,0.99989,0.00011,0.00000,0.00000
76.90125,0.99750,0.99991,0.00009,0.00000,0.00000
77.00125,0.99750,0.99972,0.00028,0.00000,0.00000
77.10125,0.99750,0.99958,0.00042,0.00000,0.00000
77.20125,0.99751,0.99994,0.00006,0.00000,0.00000
77.30125,0.99751,1.00000,0.00000,0.00000,0.00000
77.40125,0.99750,1.00000,0.00000,0.00000,0.00000
77.50125,0.99750,1.00000,0.00000,0.00000,0.00000
77.60125,0.99750,0.99999,0.00000,0.00000,0.00000
77.70125,0.99751,0.99999,0.00000,0.00001,0.00000
77.80125,0.99751,0.99996,0.00000,0.00001,0.00003
77.90125,0.99750,0.99935,0.00000,0.00000,0.00065
78.00125,0.99750,0.98396,0.00000,0.00000,0.01604
78.10125,0.99750,0.99552,0.00000,0.00000,0.00448
78.20125,0.99751,0.99677,0.00000,0.00000,0.00323
78.30125,0.99751,0.99392,0.00000,0.00000,0.00608
78.40125,0.99750,0.99902,0.00000,0.00000,0.00098
78.50125,0.99750,0.99687,0.00000,0.00000,0.00313
78.60125,0.99750,0.99945,0.00000,0.00000,0.00055
78.70125,0.99751,0.99826,0.00000,0.00000,0.00174
78.80125,0.99751,0.99917,0.00000,0.00000,0.00083
78.90125,0.99750,0.99969,0.00000,0.00000,0.00031
79.00125,0.99750,0.99977,0.00000,0.00000,0.00023
79.10125,0.99750,0.99972,0.00000,0.00000,0.00028
79.20125,0.99751,0.99998,0.00000,0.00000,0.00002
79.30125,0.99751,1.00000,0.00000,0.00000,0.00000
79.40125,0.99750,0.99984,0.00000,0.00000,0.00016
79.50125,0.99750,0.99967,0.00000,0.00000,0.00033
79.60125,0.99750,1.00000,0.00000,0.00000,0.00000
79.70125,0.99751,1.00000,0.00000,0.00000,0.00000
79.80125,0.99751,1.00000,0.00000,0.00000,0.00000
79.90125,0.99750,0.99998,0.00002,0.00000,0.00000
80.00125,0.99750,0.99996,0.00004,0.00000,0.00000
80.10125,0.99750,0.99999,0.00001,0.00000,0.00000
80.20125,0.99751,0.99999,0.00001,0.00000,0.00000
80.30125,0.99751,1.00000,0.00000,0.00000,0.00000
80.40125,0.99750,1.00000,0.00000,0.00000,0.00000
80.50125,0.99750,1.00000,0.00000,0.00000,0.00000
80.60125,0.99750,1.00000,0.00000,0.00000,0.00000
80.70125,0.99751,1.00000,0.00000,0.00000,0.00000
80.80125,0.99751,1.00000,0.00000,0.00000,0.00000
80.90125,0.99750,1.00000,0.00000,0.00000,0.00000
81.00125,0.99750,1.00000,0.00000,0.00000,0.00000
81.10125,0.99750,1.00000,0.00000,0.00000,0.00000
81.20125,0.99751,1.00000,0.00000,0.00000,0.00000
81.30125,0.99751,1.00000,0.00000,0.00000,0.00000
81.40125,0.99750,1.00000,0.00000,0.00000,0.00000
81.50125,0.99750,1.00000,0.00000,0.00000,0.00000
81.60125,0.99750,1.00000,0.00000,0.00000,0.00000
81.70125,0.99751,1.00000,0.00000,0.00000,0.00000
81.80125,0.99751,1.00000,0.00000,0.00000,0.00000
81.90125,0.99750,0.99999,0.00000,0.00001,0.00000
82.00125,0.99750,0.99999,0.00000,0.00001,0.00000
82.10125,0.99750,0.99996,0.00000,0.00004,0.00000
82.20125,0.99751,0.99992,0.00000,0.00008,0.00000
82.30125,0.99751,0.99995,0.00000,0.00005,0.00000
82.40125,0.99750,0.99997,0.00000,0.00003,0.00000
82.50125,0.99750,0.99998,0.00000,0.00002,0.00000
82.60125,0.99750,1.00000,0.00000,0.00000,0.00000
82.70125,0.99751,1.00000,0.00000,0.00000,0.00000
82.80125,0.99751,1.00000,0.00000,0.00000,0.00000
82.90125,0.99750,1.00000,0.00000,0.00000,0.00000
83.00125,0.99750,0.99997,0.00000,0.00003,0.00000
83.10125,0.99750,0.99987,0.00000,0.00012,0.00000
83.20125,0.99751,0.99986,0.00000,0.00013,0.00000
83.30125,0.99751,0.99988,0.00001,0.00011,0.00000
83.40125,0.99750,0.99998,0.00001,0.00002,0.00000
83.50125,0.99750,0.99998,0.00001,0.00002,0.00000
83.60125,0.99750,0.99993,0.00000,0.00007,0.00000
83.70125,0.99751,0.99995,0.00000,0.00005,0.00000
83.80125,0.99751,0.99998,0.00000,0.00002,0.00000
83.90125,0.99750,0.99999,0.00000,0.00000,0.00001
84.00125,0.99750,0.99982,0.00000,0.00000,0.00018
84.10125,0.99750,0.99930,0.00000,0.00000,0.00070
84.20125,0.99751,0.99985,0.00000,0.00000,0.00015
84.30125,0.99751,0.99971,0.00000,0.00000,0.00029
84.40125,0.99750,0.99954,0.00000,0.00000,0.00046
84.50125,0.99750,0.99967,0.00000,0.00000,0.00033
84.60125,0.99750,0.99968,0.00000,0.00000,0.00032
84.70125,0.99751,0.99978,0.00000,0.00000,0.00022
84.80125,0.99751,0.99990,0.00000,0.00000,0.00010
84.90125,0.99750,0.99992,0.00000,0.00000,0.00008
85.00125,0.99750,0.99986,0.00000,0.00000,0.00014
85.10125,0.99750,0.99993,0.00000,0.00000,0.00007
85.20125,0.99751,1.00000,0.00000,0.00000,0.00000
85.30125,0.99751,1.00000,0.00000,0.00000,0.00000
85.40125,0.99750,1.00000,0.00000,0.00000,0.00000
85.50125,0.99750,1.00000,0.00000,0.00000,0.00000
85.60125,0.99750,1.00000,0.00000,0.00000,0.00000
85.70125,0.99751,1.00000,0.00000,0.00000,0.00000
85.80125,0.99751,1.00000,0.00000,0.00000,0.00000
85.90125,0.99750,1.00000,0.00000,0.00000,0.00000
86.00125,0.99750,1.00000,0.00000,0.00000,0.00000
86.10125,0.99750,1.00000,0.00000,0.00000,0.00000
86.20125,0.99751,1.00000,0.00000,0.00000,0.00000
86.30125,0.99751,1.00000,0.00000,0.00000,0.00000
86.40125,0.99750,0.99999,0.00000,0.00000,0.00001
86.50125,0.99750,1.00000,0.00000,0.00000,0.00000
86.60125,0.99750,1.00000,0.00000,0.00000,0.00000
86.70125,0.99751,1.00000,0.00000,0.00000,0.00000
86.80125,0.99751,1.00000,0.00000,0.00000,0.00000
86.90125,0.99750,1.00000,0.00000,0.00000,0.00000
87.00125,0.99750,1.00000,0.00000,0.00000,0.00000
87.10125,0.99750,1.00000,0.00000,0.00000,0.00000
87.20125,0.99751,1.00000,0.00000,0.00000,0.00000
87.30125,0.99751,1.00000,0.00000,0.00000,0.00000
87.40125,0.99750,1.00000,0.00000,0.00000,0.00000
87.50125,0.99750,1.00000,0.00000,0.00000,0.00000
87.60125,0.99750,1.00000,0.00000,0.00000,0.00000
87.70125,0.99751,1.00000,0.00000,0.00000,0.00000
87.80125,0.99751,1.00000,0.00000,0.00000,0.00000
87.90125,0.99750,1.00000,0.00000,0.00000,0.00000
88.00125,0.99750,1.00000,0.00000,0.00000,0.00000
88.10125,0.99750,1.00000,0.00000,0.00000,0.00000
88.20125,0.99751,1.00000,0.00000,0.00000,0.00000
88.30125,0.99751,1.00000,0.00000,0.00000,0.00000
88.40125,0.99750,1.00000,0.00000,0.00000,0.00000
88.50125,0.99750,1.00000,0.00000,0.00000,0.00000
88.60125,0.99750,1.00000,0.00000,0.00000,0.00000
88.70125,0.99751,1.00000,0.00000,0.00000,0.00000
88.80125,0.99751,1.00000,0.00000,0.00000,0.00000
88.90125,0.99750,1.00000,0.00000,0.00000,0.00000
89.00125,0.99750,1.00000,0.00000,0.00000,0.00000
89.10125,0.99750,1.00000,0.00000,0.00000,0.00000
89.20125,0.99751,1.00000,0.00000,0.00000,0.00000
89.30125,0.99751,1.00000,0.00000,0.00000,0.00000
89.40125,0.99750,1.00000,0.00000,0.00000,0.00000
89.50125,0.99750,1.00000,0.00000,0.00000,0.00000
89.60125,0.99750,1.00000,0.00000,0.00000,0.00000
89.70125,0.99751,1.00000,0.00000,0.00000,0.00000
89.80125,0.99751,1.00000,0.00000,0.00000,0.00000
89.90125,0.99750,1.00000,0.00000,0.00000,0.00000
90.00125,0.99750,1.00000,0.00000,0.00000,0.00000
90.10125,0.99750,0.99997,0.00003,0.00000,0.00000
90.20125,0.99751,0.99996,0.00004,0.00000,0.00000
90.30125,0.99751,0.99999,0.00001,0.00000,0.00000
90.40125,0.99750,0.99999,0.00001,0.00000,0.00000
90.50125,0.99750,0.99995,0.00005,0.00000,0.00000
90.60125,0.99750,0.99997,0.00002,0.00000,0.00000
90.70125,0.99751,0.99998,0.00000,0.00001,0.00000
90.80125,0.99751,0.99991,0.00000,0.00009,0.00000
90.90125,0.99750,0.99944,0.00000,0.00056,0.00000
91.00125,0.99750,0.99976,0.00000,0.00024,0.00000
91.10125,0.99750,0.99997,0.00000,0.00003,0.00000
91.20125,0.99751,0.99993,0.00000,0.00007,0.00000
91.30125,0.99751,0.99997,0.00000,0.00001,0.00001
91.40125,0.99750,0.99994,0.00000,0.00000,0.00006
91.50125,0.99750,0.99885,0.00000,0.00000,0.00114
91.60125,0.99750,0.99855,0.00000,0.00000,0.00145
91.70125,0.99751,0.99834,0.00000,0.00000,0.00166
91.80125,0.99751,0.98552,0.00000,0.00000,0.01448
91.90125,0.99750,0.99926,0.00000,0.00000,0.00074
92.00125,0.99750,0.99997,0.00000,0.00000,0.00002
92.10125,0.99750,0.99998,0.00000,0.00000,0.00002
92.20125,0.99751,1.00000,0.00000,0.00000,0.00000
92.30125,0.99751,1.00000,0.00000,0.00000,0.00000
92.40125,0.99750,1.00000,0.00000,0.00000,0.00000
92.50125,0.99750,1.00000,0.00000,0.00000,0.00000
92.60125,0.99750,1.00000,0.00000,0.00000,0.00000
92.70125,0.99751,1.00000,0.00000,0.00000,0.00000
92.80125,0.99751,1.00000,0.00000,0.00000,0.00000
92.90125,0.99750,1.00000,0.00000,0.00000,0.00000
93.00125,0.99750,0.99998,0.00000,0.00000,0.00002
93.10125,0.99750,0.99998,0.00000,0.00000,0.00002
93.20125,0.99751,1.00000,0.00000,0.00000,0.00000
93.30125,0.99751,0.99999,0.00000,0.00000,0.00001
93.40125,0.99750,1.00000,0.00000,0.00000,0.00000
93.50125,0.99750,1.00000,0.00000,0.00000,0.00000
93.60125,0.99750,1.00000,0.00000,0.00000,0.00000
93.70125,0.99751,1.00000,0.00000,0.00000,0.00000
93.80125,0.99751,1.00000,0.00000,0.00000,0.00000
93.90125,0.99750,0.99999,0.00001,0.00000,0.00000
94.00125,0.99750,0.99992,0.00008,0.00000,0.00000
94.10125,0.99750,0.99974,0.00026,0.00000,0.00000
94.20125,0.99751,0.99963,0.00037,0.00000,0.00000
94.30125,0.99751,0.99985,0.00015,0.00000,0.00000
94.40125,0.99750,1.00000,0.00000,0.00000,0.00000
94.50125,0.99750,1.00000,0.00000,0.00000,0.00000
94.60125,0.99750,1.00000,0.00000,0.00000,0.00000
94.70125,0.99751,1.00000,0.00000,0.00000,0.00000
94.80125,0.99751,1.00000,0.00000,0.00000,0.00000
94.90125,0.99750,1.00000,0.00000,0.00000,0.00000
95.00125,0.99750,0.99994,0.00000,0.00000,0.00006
95.10125,0.99750,0.99965,0.00000,0.00000,0.00035
95.20125,0.99751,0.99977,0.00000,0.00000,0.00023
95.30125,0.99751,0.99717,0.00007,0.00000,0.00277
95.40125,0.99750,0.99758,0.00015,0.00000,0.00226
95.50125,0.99750,0.99928,0.00066,0.00000,0.00006
95.60125,0.99750,0.99874,0.00126,0.00000,0.00000
95.70125,0.99751,0.98982,0.01018,0.00000,0.00000
95.80125,0.99751,0.99001,0.00999,0.00000,0.00000
95.90125,0.99750,0.99985,0.00015,0.00000,0.00000
96.00125,0.99750,0.99999,0.00001,0.00000,0.00000
96.10125,0.99750,1.00000,0.00000,0.00000,0.00000
96.20125,0.99751,1.00000,0.00000,0.00000,0.00000
96.30125,0.99751,1.00000,0.00000,0.00000,0.00000
96.40125,0.99750,1.00000,0.00000,0.00000,0.00000
96.50125,0.99750,1.00000,0.00000,0.00000,0.00000
96.60125,0.99750,1.00000,0.00000,0.00000,0.00000
96.70125,0.99751,0.99999,0.00000,0.00000,0.00001
96.80125,0.99751,0.99998,0.00000,0.00000,0.00002
96.90125,0.99750,0.99998,0.00000,0.00000,0.00002
97.00125,0.99750,0.99998,0.00000,0.00000,0.00002
97.10125,0.99750,0.99998,0.00000,0.00000,0.00002
97.20125,0.99751,0.99995,0.00000,0.00000,0.00005
97.30125,0.99751,0.99998,0.00000,0.00000,0.00002
97.40125,0.99750,0.99999,0.00000,0.00000,0.00001
97.50125,0.99750,0.99994,0.00000,0.00000,0.00006
97.60125,0.99750,0.99998,0.00000,0.00000,0.00002
97.70125,0.99751,1.00000,0.00000,0.00000,0.00000
97.80125,0.99751,1.00000,0.00000,0.00000,0.00000
97.90125,0.99750,1.00000,0.00000,0.00000,0.00000
98.00125,0.99750,1.00000,0.00000,0.00000,0.00000
98.10125,0.99750,1.00000,0.00000,0.00000,0.00000
98.20125,0.99751,0.99999,0.00000,0.00000,0.00001
98.30125,0.99751,0.99999,0.00000,0.00000,0.00001
98.40125,0.99750,1.00000,0.00000,0.00000,0.00000
98.50125,0.99750,1.00000,0.00000,0.00000,0.00000
98.60125,0.99750,1.00000,0.00000,0.00000,0.00000
98.70125,0.99751,0.99997,0.00000,0.00000,0.00003
98.80125,0.99751,1.00000,0.00000,0.00000,0.00000
98.90125,0.99750,1.00000,0.00000,0.00000,0.00000
99.00125,0.99750,1.00000,0.00000,0.00000,0.00000
99.10125,0.99750,1.00000,0.00000,0.00000,0.00000
99.20125,0.99751,1.00000,0.00000,0.00000,0.00000
99.30125,0.99751,1.00000,0.00000,0.00000,0.00000
99.40125,0.99750,1.00000,0.00000,0.00000,0.00000
99.50125,0.99750,0.99999,0.00000,0.00000,0.00001
99.60125,0.99750,0.99996,0.00000,0.00000,0.00004
99.70125,0.99751,1.00000,0.00000,0.00000,0.00000
99.80125,0.99751,1.00000,0.00000,0.00000,0.00000
99.90125,0.99750,1.00000,0.00000,0.00000,0.00000
100.00125,0.99750,1.00000,0.00000,0.00000,0.00000
100.10125,0.99750,0.99999,0.00001,0.00000,0.00000
100.20125,0.99751,1.00000,0.00000,0.00000,0.00000
100.30125,0.99751,1.00000,0.00000,0.00000,0.00000
100.40125,0.99750,1.00000,0.00000,0.00000,0.00000
100.50125,0.99750,1.00000,0.00000,0.00000,0.00000
100.60125,0.99750,1.00000,0.00000,0.00000,0.00000
100.70125,0.99751,1.00000,0.00000,0.00000,0.00000
100.80125,0.99751,1.00000,0.00000,0.00000,0.00000
100.90125,0.99750,0.99999,0.00000,0.00000,0.00001
101.00125,0.99750,0.99999,0.00000,0.00000,0.00001
101.10125,0.99750,0.99999,0.00000,0.00000,0.00001
101.20125,0.99751,1.00000,0.00000,0.00000,0.00000
101.30125,0.99751,1.00000,0.00000,0.00000,0.00000
101.40125,0.99750,1.00000,0.00000,0.00000,0.00000
101.50125,0.99750,1.00000,0.00000,0.00000,0.00000
101.60125,0.99750,1.00000,0.00000,0.00000,0.00000
101.70125,0.99751,1.00000,0.00000,0.00000,0.00000
101.80125,0.99751,1.00000,0.00000,0.00000,0.00000
101.90125,0.99750,1.00000,0.00000,0.00000,0.00000
102.00125,0.99750,1.00000,0.00000,0.00000,0.00000
102.10125,0.99750,1.00000,0.00000,0.00000,0.00000
102.20125,0.99751,0.99977,0.00000,0.00000,0.00023
102.30125,0.99751,0.99963,0.00000,0.00000,0.00037
102.40125,0.99750,0.99991,0.00000,0.00000,0.00009
102.50125,0.99750,1.00000,0.00000,0.00000,0.00000
102.60125,0.99750,1.00000,0.00000,0.00000,0.00000
102.70125,0.99751,1.00000,0.00000,0.00000,0.00000
102.80125,0.99751,1.00000,0.00000,0.00000,0.00000
102.90125,0.99750,1.00000,0.00000,0.00000,0.00000
103.00125,0.99750,1.00000,0.00000,0.00000,0.00000
103.10125,0.99750,1.00000,0.00000,0.00000,0.00000
103.20125,0.99751,1.00000,0.00000,0.00000,0.00000
103.30125,0.99751,1.00000,0.00000,0.00000,0.00000
103.40125,0.99750,1.00000,0.00000,0.00000,0.00000
103.50125,0.99750,0.99997,0.00000,0.00000,0.00003
103.60125,0.99750,0.99981,0.00000,0.00000,0.00019
103.70125,0.99751,0.99966,0.00000,0.00000,0.00034
103.80125,0.99751,1.00000,0.00000,0.00000,0.00000
103.90125,0.99750,1.00000,0.00000,0.00000,0.00000
104.00125,0.99750,1.00000,0.00000,0.00000,0.00000
104.10125,0.99750,1.00000,0.00000,0.00000,0.00000
104.20125,0.99751,1.00000,0.00000,0.00000,0.00000
104.30125,0.99751,1.00000,0.00000,0.00000,0.00000
104.40125,0.99750,1.00000,0.00000,0.00000,0.00000
104.50125,0.99750,1.00000,0.00000,0.00000,0.00000
104.60125,0.99750,1.00000,0.00000,0.00000,0.00000
104.70125,0.99751,1.00000,0.00000,0.00000,0.00000
104.80125,0.99751,1.00000,0.00000,0.00000,0.00000
104.90125,0.99750,1.00000,0.00000,0.00000,0.00000
105.00125,0.99750,1.00000,0.00000,0.00000,0.00000
105.10125,0.99750,1.00000,0.00000,0.00000,0.00000
105.20125,0.99751,1.00000,0.00000,0.00000,0.00000
105.30125,0.99751,1.00000,0.00000,0.00000,0.00000
105.40125,0.99750,1.00000,0.00000,0.00000,0.00000
105.50125,0.99750,1.00000,0.00000,0.00000,0.00000
105.60125,0.99750,0.99997,0.00001,0.00002,0.00000
105.70125,0.99751,0.99963,0.00016,0.00021,0.00000
105.80125,0.99751,0.99840,0.00079,0.00081,0.00000
105.90125,0.99750,0.99466,0.00368,0.00167,0.00000
106.00125,0.99750,0.98957,0.00984,0.00059,0.00000
106.10125,0.99750,0.97587,0.02382,0.00031,0.00000
106.20125,0.99751,0.99660,0.00325,0.00016,0.00000
106.30125,0.99751,0.99979,0.00019,0.00002,0.00000
106.40125,0.99750,0.99998,0.00002,0.00000,0.00000
106.50125,0.99750,1.00000,0.00000,0.00000,0.00000
106.60125,0.99750,1.00000,0.00000,0.00000,0.00000
106.70125,0.99751,1.00000,0.00000,0.00000,0.00000
106.80125,0.99751,1.00000,0.00000,0.00000,0.00000
106.90125,0.99750,1.00000,0.00000,0.00000,0.00000
107.00125,0.99750,1.00000,0.00000,0.00000,0.00000
107.10125,0.99750,1.00000,0.00000,0.00000,0.00000
107.20125,0.99751,1.00000,0.00000,0.00000,0.00000
107.30125,0.99751,1.00000,0.00000,0.00000,0.00000
107.40125,0.99750,1.00000,0.00000,0.00000,0.00000
107.50125,0.99750,1.00000,0.00000,0.00000,0.00000
107.60125,0.99750,1.00000,0.00000,0.00000,0.00000
107.70125,0.99751,0.99999,0.00000,0.00000,0.00001
107.80125,0.99751,0.99978,0.00000,0.00000,0.00022
107.90125,0.99750,0.99922,0.00000,0.00000,0.00078
108.00125,0.99750,0.99789,0.00000,0.00000,0.00211
108.10125,0.99750,0.99965,0.00000,0.00000,0.00035
108.20125,0.99751,0.99998,0.00000,0.00000,0.00002
108.30125,0.99751,1.00000,0.00000,0.00000,0.00000
108.40125,0.99750,1.00000,0.00000,0.00000,0.00000
108.50125,0.99750,1.00000,0.00000,0.00000,0.00000
108.60125,0.99750,1.00000,0.00000,0.00000,0.00000
108.70125,0.99751,1.00000,0.00000,0.00000,0.00000
108.80125,0.99751,1.00000,0.00000,0.00000,0.00000
108.90125,0.99750,1.00000,0.00000,0.00000,0.00000
109.00125,0.99750,1.00000,0.00000,0.00000,0.00000
109.10125,0.99750,1.00000,0.00000,0.00000,0.00000
109.20125,0.99751,1.00000,0.00000,0.00000,0.00000
109.30125,0.99751,1.00000,0.00000,0.00000,0.00000
109.40125,0.99750,1.00000,0.00000,0.00000,0.00000
109.50125,0.99750,1.00000,0.00000,0.00000,0.00000
109.60125,0.99750,1.00000,0.00000,0.00000,0.00000
109.70125,0.99751,1.00000,0.00000,0.00000,0.00000
109.80125,0.99751,1.00000,0.00000,0.00000,0.00000
109.90125,0.99750,1.00000,0.00000,0.00000,0.00000
110.00125,0.99750,1.00000,0.00000,0.00000,0.00000
110.10125,0.99750,0.99998,0.00000,0.00000,0.00002
110.20125,0.99751,0.99999,0.00000,0.00000,0.00001
110.30125,0.99751,0.99999,0.00000,0.00000,0.00001
110.40125,0.99750,0.99995,0.00000,0.00000,0.00005
110.50125,0.99750,0.99999,0.00000,0.00000,0.00001
110.60125,0.99750,1.00000,0.00000,0.00000,0.00000
110.70125,0.99751,1.00000,0.00000,0.00000,0.00000
110.80125,0.99751,1.00000,0.00000,0.00000,0.00000
110.90125,0.99750,1.00000,0.00000,0.00000,0.00000
111.00125,0.99750,1.00000,0.00000,0.00000,0.00000
111.10125,0.99750,1.00000,0.00000,0.00000,0.00000
111.20125,0.99751,1.00000,0.00000,0.00000,0.00000
111.30125,0.99751,1.00000,0.00000,0.00000,0.00000
111.40125,0.99750,1.00000,0.00000,0.00000,0.00000
111.50125,0.99750,1.00000,0.00000,0.00000,0.00000
111.60125,0.99750,1.00000,0.00000,0.00000,0.00000
111.70125,0.99751,1.00000,0.00000,0.00000,0.00000
111.80125,0.99751,0.99999,0.00000,0.00000,0.00001
111.90125,0.99750,0.99999,0.00000,0.00000,0.00001
112.00125,0.99750,1.00000,0.00000,0.00000,0.00000
112.10125,0.99750,1.00000,0.00000,0.00000,0.00000
112.20125,0.99751,1.00000,0.00000,0.00000,0.00000
112.30125,0.99751,1.00000,0.00000,0.00000,0.00000
112.40125,0.99750,1.00000,0.00000,0.00000,0.00000
112.50125,0.99750,1.00000,0.00000,0.00000,0.00000
112.60125,0.99750,1.00000,0.00000,0.00000,0.00000
112.70125,0.99751,0.99999,0.00000,0.00000,0.00001
112.80125,0.99751,1.00000,0.00000,0.00000,0.00000
112.90125,0.99750,1.00000,0.00000,0.00000,0.00000
113.00125,0.99750,1.00000,0.00000,0.00000,0.00000
113.10125,0.99750,1.00000,0.00000,0.00000,0.00000
113.20125,0.99751,1.00000,0.00000,0.00000,0.00000
113.30125,0.99751,1.00000,0.00000,0.00000,0.00000
113.40125,0.99750,1.00000,0.00000,0.00000,0.00000
113.50125,0.99750,1.00000,0.00000,0.00000,0.00000
113.60125,0.99750,1.00000,0.00000,0.00000,0.00000
113.70125,0.99751,1.00000,0.00000,0.00000,0.00000
113.80125,0.99751,1.00000,0.00000,0.00000,0.00000
113.90125,0.99750,1.00000,0.00000,0.00000,0.00000
114.00125,0.99750,1.00000,0.00000,0.00000,0.00000
114.10125,0.99750,1.00000,0.00000,0.00000,0.00000
114.20125,0.99751,1.00000,0.00000,0.00000,0.00000
114.30125,0.99751,1.00000,0.00000,0.00000,0.00000
114.40125,0.99750,1.00000,0.00000,0.00000,0.00000
114.50125,0.99750,0.99999,0.00000,0.00000,0.00001
114.60125,0.99750,0.99998,0.00000,0.00000,0.00002
114.70125,0.99751,0.99994,0.00000,0.00000,0.00006
114.80125,0.99751,0.99952,0.00000,0.00000,0.00048
114.90125,0.99750,0.99996,0.00000,0.00000,0.00004
115.00125,0.99750,1.00000,0.00000,0.00000,0.00000
115.10125,0.99750,1.00000,0.00000,0.00000,0.00000
115.20125,0.99751,1.00000,0.00000,0.00000,0.00000
115.30125,0.99751,1.00000,0.00000,0.00000,0.00000
115.40125,0.99750,1.00000,0.00000,0.00000,0.00000
115.50125,0.99750,1.00000,0.00000,0.00000,0.00000
115.60125,0.99750,1.00000,0.00000,0.00000,0.00000
115.70125,0.99751,1.00000,0.00000,0.00000,0.00000
115.80125,0.99751,1.00000,0.00000,0.00000,0.00000
115.90125,0.99750,1.00000,0.00000,0.00000,0.00000
116.00125,0.99750,1.00000,0.00000,0.00000,0.00000
116.10125,0.99750,1.00000,0.00000,0.00000,0.00000
116.20125,0.99751,1.00000,0.00000,0.00000,0.00000
116.30125,0.99751,1.00000,0.00000,0.00000,0.00000
116.40125,0.99750,1.00000,0.00000,0.00000,0.00000
116.50125,0.99750,1.00000,0.00000,0.00000,0.00000
116.60125,0.99750,1.00000,0.00000,0.00000,0.00000
116.70125,0.99751,1.00000,0.00000,0.00000,0.00000
116.80125,0.99751,1.00000,0.00000,0.00000,0.00000
116.90125,0.99750,1.00000,0.00000,0.00000,0.00000
117.00125,0.99750,1.00000,0.00000,0.00000,0.00000
117.10125,0.99750,1.00000,0.00000,0.00000,0.00000
117.20125,0.99751,1.00000,0.00000,0.00000,0.00000
117.30125,0.99751,1.00000,0.00000,0.00000,0.00000
117.40125,0.99750,1.00000,0.00000,0.00000,0.00000
117.50125,0.99750,1.00000,0.00000,0.00000,0.00000
117.60125,0.99750,1.00000,0.00000,0.00000,0.00000
117.70125,0.99751,1.00000,0.00000,0.00000,0.00000
117.80125,0.99751,1.00000,0.00000,0.00000,0.00000
117.90125,0.99750,1.00000,0.00000,0.00000,0.00000
118.00125,0.99750,1.00000,0.00000,0.00000,0.00000
118.10125,0.99750,1.00000,0.00000,0.00000,0.00000
118.20125,0.99751,1.00000,0.00000,0.00000,0.00000
118.30125,0.99751,1.00000,0.00000,0.00000,0.00000
118.40125,0.99750,1.00000,0.00000,0.00000,0.00000
118.50125,0.99750,1.00000,0.00000,0.00000,0.00000
118.60125,0.99750,0.99999,0.00000,0.00000,0.00001
118.70125,0.99751,0.99997,0.00000,0.00000,0.00003
118.80125,0.99751,1.00000,0.00000,0.00000,0.00000
118.90125,0.99750,1.00000,0.00000,0.00000,0.00000
119.00125,0.99750,1.00000,0.00000,0.00000,0.00000
119.10125,0.99750,1.00000,0.00000,0.00000,0.00000
119.20125,0.99751,0.99999,0.00000,0.00000,0.00001
119.30125,0.99751,1.00000,0.00000,0.00000,0.00000
119.40125,0.99750,0.99999,0.00000,0.00000,0.00001
119.50125,0.99750,0.99999,0.00000,0.00000,0.00001
119.60125,0.99750,0.99999,0.00000,0.00000,0.00001
119.70125,0.99751,1.00000,0.00000,0.00000,0.00000
119.80125,0.99751,1.00000,0.00000,0.00000,0.00000
119.90125,0.99750,1.00000,0.00000,0.00000,0.00000
120.00125,0.99750,0.99999,0.00000,0.00000,0.00001
120.10125,0.99750,0.99999,0.00000,0.00000,0.00001
120.20125,0.99751,0.99999,0.00000,0.00000,0.00001
120.30125,0.99751,1.00000,0.00000,0.00000,0.00000
120.40125,0.99750,1.00000,0.00000,0.00000,0.00000
120.50125,0.99750,0.99997,0.00000,0.00000,0.00003
120.60125,0.99750,0.99984,0.00000,0.00001,0.00015
120.70125,0.99751,0.99982,0.00000,0.00000,0.00018
120.80125,0.99751,0.99906,0.00000,0.00000,0.00094
120.90125,0.99750,0.99480,0.00000,0.00000,0.00520
121.00125,0.99750,0.99985,0.00000,0.00000,0.00015
121.10125,0.99750,1.00000,0.00000,0.00000,0.00000
121.20125,0.99751,1.00000,0.00000,0.00000,0.00000
121.30125,0.99751,1.00000,0.00000,0.00000,0.00000
121.40125,0.99750,1.00000,0.00000,0.00000,0.00000
121.50125,0.99750,1.00000,0.00000,0.00000,0.00000
121.60125,0.99750,1.00000,0.00000,0.00000,0.00000
121.70125,0.99751,1.00000,0.00000,0.00000,0.00000
121.80125,0.99751,1.00000,0.00000,0.00000,0.00000
121.90125,0.99750,1.00000,0.00000,0.00000,0.00000
122.00125,0.99750,1.00000,0.00000,0.00000,0.00000
122.10125,0.99750,1.00000,0.00000,0.00000,0.00000
122.20125,0.99751,1.00000,0.00000,0.00000,0.00000
122.30125,0.99751,0.99998,0.00000,0.00000,0.00002
122.40125,0.99750,0.99997,0.00000,0.00000,0.00003
122.50125,0.99750,1.00000,0.00000,0.00000,0.00000
122.60125,0.99750,1.00000,0.00000,0.00000,0.00000
122.70125,0.99751,1.00000,0.00000,0.00000,0.00000
122.80125,0.99751,1.00000,0.00000,0.00000,0.00000
122.90125,0.99750,1.00000,0.00000,0.00000,0.00000
123.00125,0.99750,1.00000,0.00000,0.00000,0.00000
123.10125,0.99750,1.00000,0.00000,0.00000,0.00000
123.20125,0.99751,1.00000,0.00000,0.00000,0.00000
123.30125,0.99751,1.00000,0.00000,0.00000,0.00000
123.40125,0.99750,1.00000,0.00000,0.00000,0.00000
123.50125,0.99750,1.00000,0.00000,0.00000,0.00000
123.60125,0.99750,1.00000,0.00000,0.00000,0.00000
123.70125,0.99751,1.00000,0.00000,0.00000,0.00000
123.80125,0.99751,1.00000,0.00000,0.00000,0.00000
123.90125,0.99750,1.00000,0.00000,0.00000,0.00000
124.00125,0.99750,1.00000,0.00000,0.00000,0.00000
124.10125,0.99750,1.00000,0.00000,0.00000,0.00000
124.20125,0.99751,1.00000,0.00000,0.00000,0.00000
124.30125,0.99751,1.00000,0.00000,0.00000,0.00000
124.40125,0.99750,1.00000,0.00000,0.00000,0.00000
124.50125,0.99750,1.00000,0.00000,0.00000,0.00000
124.60125,0.99750,1.00000,0.00000,0.00000,0.00000
124.70125,0.99751,1.00000,0.00000,0.00000,0.00000
124.80125,0.99751,0.99996,0.00000,0.00000,0.00004
124.90125,0.99750,0.99728,0.00000,0.00000,0.00272
125.00125,0.99750,0.99874,0.00000,0.00000,0.00126
125.10125,0.99750,0.99999,0.00000,0.00000,0.00001
125.20125,0.99751,1.00000,0.00000,0.00000,0.00000
125.30125,0.99751,1.00000,0.00000,0.00000,0.00000
125.40125,0.99750,1.00000,0.00000,0.00000,0.00000
125.50125,0.99750,1.00000,0.00000,0.00000,0.00000
125.60125,0.99750,1.00000,0.00000,0.00000,0.00000
125.70125,0.99751,1.00000,0.00000,0.00000,0.00000
125.80125,0.99751,1.00000,0.00000,0.00000,0.00000
125.90125,0.99750,1.00000,0.00000,0.00000,0.00000
126.00125,0.99750,1.00000,0.00000,0.00000,0.00000
126.10125,0.99750,1.00000,0.00000,0.00000,0.00000
126.20125,0.99751,1.00000,0.00000,0.00000,0.00000
126.30125,0.99751,0.99998,0.00000,0.00000,0.00002
126.40125,0.99750,0.99995,0.00000,0.00000,0.00005
126.50125,0.99750,0.99999,0.00000,0.00000,0.00001
126.60125,0.99750,1.00000,0.00000,0.00000,0.00000
126.70125,0.99751,1.00000,0.00000,0.00000,0.00000
126.80125,0.99751,1.00000,0.00000,0.00000,0.00000
126.90125,0.99750,1.00000,0.00000,0.00000,0.00000
127.00125,0.99750,1.00000,0.00000,0.00000,0.00000
127.10125,0.99751,1.00000,0.00000,0.00000,0.00000
127.20125,0.99750,1.00000,0.00000,0.00000,0.00000
127.30125,0.99751,1.00000,0.00000,0.00000,0.00000
127.40125,0.99749,1.00000,0.00000,0.00000,0.00000
127.50125,0.99750,1.00000,0.00000,0.00000,0.00000
127.60125,0.99751,1.00000,0.00000,0.00000,0.00000
127.70125,0.99750,1.00000,0.00000,0.00000,0.00000
127.80125,0.99751,1.00000,0.00000,0.00000,0.00000
127.90125,0.99749,1.00000,0.00000,0.00000,0.00000
128.00125,0.99750,1.00000,0.00000,0.00000,0.00000
128.10126,0.99750,1.00000,0.00000,0.00000,0.00000
128.20125,0.99750,1.00000,0.00000,0.00000,0.00000
128.30125,0.99750,1.00000,0.00000,0.00000,0.00000
128.40125,0.99750,0.99999,0.00000,0.00000,0.00001
128.50125,0.99750,0.99998,0.00000,0.00000,0.00002
128.60126,0.99750,1.00000,0.00000,0.00000,0.00000
128.70125,0.99750,1.00000,0.00000,0.00000,0.00000
128.80125,0.99750,0.99999,0.00000,0.00000,0.00001
128.90125,0.99750,0.99998,0.00000,0.00000,0.00002
129.00125,0.99750,0.99999,0.00000,0.00000,0.00001
129.10126,0.99750,1.00000,0.00000,0.00000,0.00000
129.20125,0.99750,1.00000,0.00000,0.00000,0.00000
129.30125,0.99750,1.00000,0.00000,0.00000,0.00000
129.40125,0.99750,1.00000,0.00000,0.00000,0.00000
129.50125,0.99750,1.00000,0.00000,0.00000,0.00000
129.60126,0.99750,1.00000,0.00000,0.00000,0.00000
129.70125,0.99750,1.00000,0.00000,0.00000,0.00000
129.80125,0.99750,1.00000,0.00000,0.00000,0.00000
129.90125,0.99750,0.99999,0.00001,0.00000,0.00000
130.00125,0.99750,1.00000,0.00000,0.00000,0.00000
130.10126,0.99750,1.00000,0.00000,0.00000,0.00000
130.20125,0.99750,1.00000,0.00000,0.00000,0.00000
130.30125,0.99750,0.99999,0.00000,0.00000,0.00001
130.40125,0.99750,0.99999,0.00000,0.00000,0.00001
130.50125,0.99750,0.99999,0.00000,0.00000,0.00001
130.60126,0.99750,0.99999,0.00000,0.00000,0.00001
130.70125,0.99750,1.00000,0.00000,0.00000,0.00000
130.80125,0.99750,1.00000,0.00000,0.00000,0.00000
130.90125,0.99750,0.99999,0.00000,0.00000,0.00001
131.00125,0.99750,0.99998,0.00000,0.00000,0.00002
131.10126,0.99750,0.99998,0.00000,0.00000,0.00002
131.20125,0.99750,0.99999,0.00000,0.00000,0.00001
131.30125,0.99750,0.99999,0.00000,0.00000,0.00001
131.40125,0.99750,0.99999,0.00000,0.00000,0.00001
131.50125,0.99750,0.99999,0.00000,0.00000,0.00001
131.60126,0.99750,1.00000,0.00000,0.00000,0.00000
131.70125,0.99750,1.00000,0.00000,0.00000,0.00000
131.80125,0.99750,1.00000,0.00000,0.00000,0.00000
131.90125,0.99750,1.00000,0.00000,0.00000,0.00000
132.00125,0.99750,1.00000,0.00000,0.00000,0.00000
132.10126,0.99750,1.00000,0.00000,0.00000,0.00000
132.20125,0.99750,1.00000,0.00000,0.00000,0.00000
132.30125,0.99750,1.00000,0.00000,0.00000,0.00000
132.40125,0.99750,0.99996,0.00004,0.00000,0.00000
132.50125,0.99750,0.99981,0.00019,0.00000,0.00000
132.60126,0.99750,0.99998,0.00002,0.00000,0.00000
132.70125,0.99750,0.99997,0.00003,0.00000,0.00000
132.80125,0.99750,0.99997,0.00003,0.00000,0.00000
132.90125,0.99750,0.99998,0.00002,0.00000,0.00000
133.00125,0.99750,0.99998,0.00002,0.00000,0.00000
133.10126,0.99750,0.99995,0.00005,0.00000,0.00000
133.20125,0.99750,0.99999,0.00001,0.00000,0.00000
133.30125,0.99750,1.00000,0.00000,0.00000,0.00000
133.40125,0.99750,1.00000,0.00000,0.00000,0.00000
133.50125,0.99750,0.99999,0.00000,0.00000,0.00001
133.60126,0.99750,0.99999,0.00000,0.00000,0.00001
133.70125,0.99750,0.99999,0.00000,0.00000,0.00001
133.80125,0.99750,0.99999,0.00000,0.00000,0.00001
133.90125,0.99750,0.99999,0.00000,0.00000,0.00001
134.00125,0.99750,1.00000,0.00000,0.00000,0.00000
134.10126,0.99750,1.00000,0.00000,0.00000,0.00000
134.20125,0.99750,1.00000,0.00000,0.00000,0.00000
134.30125,0.99750,1.00000,0.00000,0.00000,0.00000
134.40125,0.99750,1.00000,0.00000,0.00000,0.00000
134.50125,0.99750,1.00000,0.00000,0.00000,0.00000
134.60126,0.99750,1.00000,0.00000,0.00000,0.00000
134.70125,0.99750,1.00000,0.00000,0.00000,0.00000
134.80125,0.99750,1.00000,0.00000,0.00000,0.00000
134.90125,0.99750,1.00000,0.00000,0.00000,0.00000
135.00125,0.99750,0.99999,0.00000,0.00000,0.00001
135.10126,0.99750,0.99998,0.00000,0.00000,0.00002
135.20125,0.99750,0.99997,0.00000,0.00000,0.00003
135.30125,0.99750,0.99998,0.00000,0.00000,0.00002
135.40125,0.99750,1.00000,0.00000,0.00000,0.00000
135.50125,0.99750,0.99999,0.00000,0.00000,0.00001
135.60126,0.99750,0.99999,0.00000,0.00000,0.00001
135.70125,0.99750,1.00000,0.00000,0.00000,0.00000
135.80125,0.99750,1.00000,0.00000,0.00000,0.00000
135.90125,0.99750,1.00000,0.00000,0.00000,0.00000
136.00125,0.99750,1.00000,0.00000,0.00000,0.00000
136.10126,0.99750,1.00000,0.00000,0.00000,0.00000
136.20125,0.99750,1.00000,0.00000,0.00000,0.00000
136.30125,0.99750,1.00000,0.00000,0.00000,0.00000
136.40125,0.99750,1.00000,0.00000,0.00000,0.00000
136.50125,0.99750,1.00000,0.00000,0.00000,0.00000
136.60126,0.99750,1.00000,0.00000,0.00000,0.00000
136.70125,0.99750,0.99999,0.00001,0.00000,0.00000
136.80125,0.99750,1.00000,0.00000,0.00000,0.00000
136.90125,0.99750,1.00000,0.00000,0.00000,0.00000
137.00125,0.99750,0.99999,0.00001,0.00000,0.00000
137.10126,0.99750,0.99999,0.00001,0.00000,0.00000
137.20125,0.99750,0.99999,0.00000,0.00000,0.00000
137.30125,0.99750,0.99996,0.00004,0.00000,0.00000
137.40125,0.99750,0.99993,0.00007,0.00000,0.00000
137.50125,0.99750,1.00000,0.00000,0.00000,0.00000
137.60126,0.99750,1.00000,0.00000,0.00000,0.00000
137.70125,0.99750,1.00000,0.00000,0.00000,0.00000
137.80125,0.99750,1.00000,0.00000,0.00000,0.00000
137.90125,0.99750,1.00000,0.00000,0.00000,0.00000
138.00125,0.99750,1.00000,0.00000,0.00000,0.00000
138.10126,0.99750,1.00000,0.00000,0.00000,0.00000
138.20125,0.99750,1.00000,0.00000,0.00000,0.00000
138.30125,0.99750,1.00000,0.00000,0.00000,0.00000
138.40125,0.99750,1.00000,0.00000,0.00000,0.00000
138.50125,0.99750,1.00000,0.00000,0.00000,0.00000
138.60126,0.99750,1.00000,0.00000,0.00000,0.00000
138.70125,0.99750,1.00000,0.00000,0.00000,0.00000
138.80125,0.99750,1.00000,0.00000,0.00000,0.00000
138.90125,0.99750,1.00000,0.00000,0.00000,0.00000
139.00125,0.99750,0.99998,0.00000,0.00000,0.00002
139.10126,0.99750,0.99999,0.00000,0.00000,0.00001
139.20125,0.99750,0.99998,0.00000,0.00000,0.00002
139.30125,0.99750,0.99999,0.00000,0.00000,0.00001
139.40125,0.99750,1.00000,0.00000,0.00000,0.00000
139.50125,0.99750,1.00000,0.00000,0.00000,0.00000
139.60126,0.99750,1.00000,0.00000,0.00000,0.00000
139.70125,0.99750,1.00000,0.00000,0.00000,0.00000
139.80125,0.99750,1.00000,0.00000,0.00000,0.00000
139.90125,0.99750,1.00000,0.00000,0.00000,0.00000
140.00125,0.99750,1.00000,0.00000,0.00000,0.00000
140.10126,0.99750,1.00000,0.00000,0.00000,0.00000
140.20125,0.99750,1.00000,0.00000,0.00000,0.00000
140.30125,0.99750,1.00000,0.00000,0.00000,0.00000
140.40125,0.99750,1.00000,0.00000,0.00000,0.00000
140.50125,0.99750,0.99999,0.00000,0.00000,0.00001
140.60126,0.99750,0.99999,0.00000,0.00000,0.00001
140.70125,0.99750,1.00000,0.00000,0.00000,0.00000
140.80125,0.99750,1.00000,0.00000,0.00000,0.00000
140.90125,0.99750,1.00000,0.00000,0.00000,0.00000
141.00125,0.99750,1.00000,0.00000,0.00000,0.00000
141.10126,0.99750,1.00000,0.00000,0.00000,0.00000
141.20125,0.99750,1.00000,0.00000,0.00000,0.00000
141.30125,0.99750,1.00000,0.00000,0.00000,0.00000
141.40125,0.99750,1.00000,0.00000,0.00000,0.00000
141.50125,0.99750,0.99999,0.00000,0.00000,0.00001
141.60126,0.99750,1.00000,0.00000,0.00000,0.00000
141.70125,0.99750,1.00000,0.00000,0.00000,0.00000
141.80125,0.99750,1.00000,0.00000,0.00000,0.00000
141.90125,0.99750,1.00000,0.00000,0.00000,0.00000
142.00125,0.99750,0.99999,0.00000,0.00000,0.00001
142.10126,0.99750,1.00000,0.00000,0.00000,0.00000
142.20125,0.99750,1.00000,0.00000,0.00000,0.00000
142.30125,0.99750,1.00000,0.00000,0.00000,0.00000
142.40125,0.99750,1.00000,0.00000,0.00000,0.00000
142.50125,0.99750,1.00000,0.00000,0.00000,0.00000
142.60126,0.99750,1.00000,0.00000,0.00000,0.00000
142.70125,0.99750,1.00000,0.00000,0.00000,0.00000
142.80125,0.99750,0.99999,0.00000,0.00000,0.00001
142.90125,0.99750,0.99999,0.00000,0.00000,0.00001
143.00125,0.99750,1.00000,0.00000,0.00000,0.00000
143.10126,0.99750,1.00000,0.00000,0.00000,0.00000
143.20125,0.99750,1.00000,0.00000,0.00000,0.00000
143.30125,0.99750,1.00000,0.00000,0.00000,0.00000
143.40125,0.99750,1.00000,0.00000,0.00000,0.00000
143.50125,0.99750,1.00000,0.00000,0.00000,0.00000
143.60126,0.99750,1.00000,0.00000,0.00000,0.00000
143.70125,0.99750,1.00000,0.00000,0.00000,0.00000
143.80125,0.99750,1.00000,0.00000,0.00000,0.00000
143.90125,0.99750,1.00000,0.00000,0.00000,0.00000
144.00125,0.99750,1.00000,0.00000,0.00000,0.00000
144.10126,0.99750,1.00000,0.00000,0.00000,0.00000
144.20125,0.99750,1.00000,0.00000,0.00000,0.00000
144.30125,0.99750,1.00000,0.00000,0.00000,0.00000
144.40125,0.99750,1.00000,0.00000,0.00000,0.00000
144.50125,0.99750,1.00000,0.00000,0.00000,0.00000
144.60126,0.99750,1.00000,0.00000,0.00000,0.00000
144.70125,0.99750,1.00000,0.00000,0.00000,0.00000
144.80125,0.99750,1.00000,0.00000,0.00000,0.00000
144.90125,0.99750,1.00000,0.00000,0.00000,0.00000
145.00125,0.99750,0.99999,0.00000,0.00000,0.00001
145.10126,0.99750,1.00000,0.00000,0.00000,0.00000
145.20125,0.99750,1.00000,0.00000,0.00000,0.00000
145.30125,0.99750,0.99999,0.00000,0.00000,0.00001
145.40125,0.99750,0.99999,0.00000,0.00000,0.00001
145.50125,0.99750,0.99998,0.00000,0.00000,0.00002
145.60126,0.99750,0.99999,0.00000,0.00000,0.00001
145.70125,0.99750,1.00000,0.00000,0.00000,0.00000
145.80125,0.99750,1.00000,0.00000,0.00000,0.00000
145.90125,0.99750,1.00000,0.00000,0.00000,0.00000
146.00125,0.99750,1.00000,0.00000,0.00000,0.00000
146.10126,0.99750,1.00000,0.00000,0.00000,0.00000
146.20125,0.99750,1.00000,0.00000,0.00000,0.00000
146.30125,0.99750,0.99999,0.00000,0.00000,0.00001
146.40125,0.99750,0.99999,0.00000,0.00000,0.00001
146.50125,0.99750,0.99999,0.00000,0.00000,0.00001
146.60126,0.99750,1.00000,0.00000,0.00000,0.00000
146.70125,0.99750,1.00000,0.00000,0.00000,0.00000
146.80125,0.99750,1.00000,0.00000,0.00000,0.00000
146.90125,0.99750,0.99999,0.00000,0.00000,0.00001
147.00125,0.99750,1.00000,0.00000,0.00000,0.00000
147.10126,0.99750,1.00000,0.00000,0.00000,0.00000
147.20125,0.99750,1.00000,0.00000,0.00000,0.00000
147.30125,0.99750,1.00000,0.00000,0.00000,0.00000
147.40125,0.99750,1.00000,0.00000,0.00000,0.00000
147.50125,0.99750,1.00000,0.00000,0.00000,0.00000
147.60126,0.99750,1.00000,0.00000,0.00000,0.00000
147.70125,0.99750,1.00000,0.00000,0.00000,0.00000
147.80125,0.99750,1.00000,0.00000,0.00000,0.00000
147.90125,0.99750,1.00000,0.00000,0.00000,0.00000
148.00125,0.99750,1.00000,0.00000,0.00000,0.00000
148.10126,0.99750,1.00000,0.00000,0.00000,0.00000
148.20125,0.99750,1.00000,0.00000,0.00000,0.00000
148.30125,0.99750,0.99999,0.00000,0.00000,0.00001
148.40125,0.99750,1.00000,0.00000,0.00000,0.00000
148.50125,0.99750,1.00000,0.00000,0.00000,0.00000
148.60126,0.99750,1.00000,0.00000,0.00000,0.00000
148.70125,0.99750,1.00000,0.00000,0.00000,0.00000
148.80125,0.99750,1.00000,0.00000,0.00000,0.00000
148.90125,0.99750,1.00000,0.00000,0.00000,0.00000
149.00125,0.99750,0.99999,0.00000,0.00000,0.00001
149.10126,0.99750,1.00000,0.00000,0.00000,0.00000
149.20125,0.99750,1.00000,0.00000,0.00000,0.00000
149.30125,0.99750,1.00000,0.00000,0.00000,0.00000
149.40125,0.99750,1.00000,0.00000,0.00000,0.00000
149.50125,0.99750,1.00000,0.00000,0.00000,0.00000
149.60126,0.99750,1.00000,0.00000,0.00000,0.00000
149.70125,0.99750,1.00000,0.00000,0.00000,0.00000
149.80125,0.99750,1.00000,0.00000,0.00000,0.00000
149.90125,0.99750,1.00000,0.00000,0.00000,0.00000
150.00125,0.99750,1.00000,0.00000,0.00000,0.00000
150.10126,0.99750,1.00000,0.00000,0.00000,0.00000
150.20125,0.99750,1.00000,0.00000,0.00000,0.00000
150.30125,0.99750,1.00000,0.00000,0.00000,0.00000
150.40125,0.99750,1.00000,0.00000,0.00000,0.00000
150.50125,0.99750,1.00000,0.00000,0.00000,0.00000
150.60126,0.99750,1.00000,0.00000,0.00000,0.00000
150.70125,0.99750,1.00000,0.00000,0.00000,0.00000
150.80125,0.99750,0.99999,0.00000,0.00000,0.00001
150.90125,0.99750,0.99998,0.00000,0.00000,0.00002
151.00125,0.99750,0.99997,0.00000,0.00000,0.00003
151.10126,0.99750,0.99995,0.00000,0.00000,0.00005
151.20125,0.99750,0.99997,0.00000,0.00000,0.00003
151.30125,0.99750,0.99998,0.00000,0.00000,0.00002
151.40125,0.99750,0.99998,0.00000,0.00000,0.00002
151.50125,0.99750,0.99998,0.00000,0.00000,0.00002
151.60126,0.99750,0.99998,0.00000,0.00000,0.00002
151.70125,0.99750,0.99998,0.00000,0.00000,0.00002
151.80125,0.99750,0.99997,0.00000,0.00000,0.00003
151.90125,0.99750,0.99997,0.00000,0.00000,0.00003
152.00125,0.99750,0.99997,0.00000,0.00000,0.00003
152.10126,0.99750,0.99997,0.00000,0.00000,0.00003
152.20125,0.99750,0.99997,0.00000,0.00000,0.00003
152.30125,0.99750,0.99998,0.00000,0.00000,0.00002
152.40125,0.99750,0.99998,0.00000,0.00000,0.00002
152.50125,0.99750,0.99998,0.00000,0.00000,0.00002
152.60126,0.99750,0.99997,0.00000,0.00000,0.00003
152.70125,0.99750,0.99997,0.00000,0.00000,0.00003
152.80125,0.99750,0.99997,0.00000,0.00000,0.00003
152.90125,0.99750,0.99997,0.00000,0.00000,0.00003
153.00125,0.99750,0.99997,0.00000,0.00000,0.00003
153.10126,0.99750,0.99997,0.00000,0.00000,0.00003
153.20125,0.99750,0.99997,0.00000,0.00000,0.00003
153.30125,0.99750,0.99996,0.00000,0.00000,0.00004
153.40125,0.99750,0.99996,0.00000,0.00000,0.00004
153.50125,0.99750,0.99996,0.00000,0.00000,0.00004
153.60126,0.99750,0.99997,0.00000,0.00000,0.00003
153.70125,0.99750,0.99997,0.00000,0.00000,0.00003
153.80125,0.99750,0.99997,0.00000,0.00000,0.00003
153.90125,0.99750,0.99996,0.00000,0.00000,0.00004
154.00125,0.99750,0.99997,0.00000,0.00000,0.00003
154.10126,0.99750,0.99997,0.00000,0.00000,0.00003
154.20125,0.99750,0.99997,0.00000,0.00000,0.00003
154.30125,0.99750,0.99997,0.00000,0.00000,0.00003
154.40125,0.99750,0.99998,0.00000,0.00000,0.00002
154.50125,0.99750,0.99997,0.00000,0.00000,0.00003
154.60126,0.99750,0.99997,0.00000,0.00000,0.00003
154.70125,0.99750,0.99997,0.00000,0.00000,0.00003
154.80125,0.99750,0.99997,0.00000,0.00000,0.00003
154.90125,0.99750,0.99998,0.00000,0.00000,0.00002
155.00125,0.99750,0.99998,0.00000,0.00000,0.00002
155.10126,0.99750,0.99997,0.00000,0.00000,0.00003
155.20125,0.99750,0.99997,0.00000,0.00000,0.00003
155.30125,0.99750,0.99997,0.00000,0.00000,0.00003
155.40125,0.99750,0.99997,0.00000,0.00000,0.00003
155.50125,0.99750,0.99997,0.00000,0.00000,0.00003
155.60126,0.99750,0.99997,0.00000,0.00000,0.00003
155.70125,0.99750,0.99997,0.00000,0.00000,0.00003
155.80125,0.99750,0.99996,0.00000,0.00000,0.00004
155.90125,0.99750,0.99997,0.00000,0.00000,0.00003
156.00125,0.99750,0.99997,0.00000,0.00000,0.00003
156.10126,0.99750,0.99997,0.00000,0.00000,0.00003
156.20125,0.99750,0.99997,0.00000,0.00000,0.00003
156.30125,0.99750,0.99997,0.00000,0.00000,0.00003
156.40125,0.99750,0.99997,0.00000,0.00000,0.00003
156.50125,0.99750,0.99997,0.00000,0.00000,0.00003
156.60126,0.99750,0.99997,0.00000,0.00000,0.00003
156.70125,0.99750,0.99997,0.00000,0.00000,0.00003
156.80125,0.99750,0.99997,0.00000,0.00000,0.00003
156.90125,0.99750,0.99997,0.00000,0.00000,0.00003
157.00125,0.99750,0.99997,0.00000,0.00000,0.00003
157.10126,0.99750,0.99997,0.00000,0.00000,0.00003
157.20125,0.99750,0.99997,0.00000,0.00000,0.00003
157.30125,0.99750,0.99997,0.00000,0.00000,0.00003
157.40125,0.99750,0.99997,0.00000,0.00000,0.00003
157.50125,0.99750,0.99997,0.00000,0.00000,0.00003
157.60126,0.99750,0.99997,0.00000,0.00000,0.00003
157.70125,0.99750,0.99997,0.00000,0.00000,0.00003
157.80125,0.99750,0.99997,0.00000,0.00000,0.00003
157.90125,0.99750,0.99997,0.00000,0.00000,0.00003
158.00125,0.99750,0.99997,0.00000,0.00000,0.00003
158.10126,0.99750,0.99997,0.00000,0.00000,0.00003
158.20125,0.99750,0.99997,0.00000,0.00000,0.00003
158.30125,0.99750,0.99997,0.00000,0.00000,0.00003
158.40125,0.99750,0.99997,0.00000,0.00000,0.00003
158.50125,0.99750,0.99997,0.00000,0.00000,0.00003
158.60126,0.99750,0.99997,0.00000,0.00000,0.00003
158.70125,0.99750,0.99997,0.00000,0.00000,0.00003
158.80125,0.99750,0.99997,0.00000,0.00000,0.00003
158.90125,0.99750,0.99997,0.00000,0.00000,0.00003
159.00125,0.99750,0.99997,0.00000,0.00000,0.00003
159.10126,0.99750,0.99997,0.00000,0.00000,0.00003
159.20125,0.99750,0.99997,0.00000,0.00000,0.00003
159.30125,0.99750,0.99997,0.00000,0.00000,0.00003
159.40125,0.99750,0.99997,0.00000,0.00000,0.00003
159.50125,0.99750,0.99997,0.00000,0.00000,0.00003
159.60126,0.99750,0.99997,0.00000,0.00000,0.00003
159.70125,0.99750,0.99996,0.00000,0.00000,0.00004
159.80125,0.99750,0.99997,0.00000,0.00000,0.00003
159.90125,0.99750,0.99999,0.00000,0.00000,0.00001
160.00125,0.99750,1.00000,0.00000,0.00000,0.00000
160.10126,0.99750,1.00000,0.00000,0.00000,0.00000
160.20125,0.99750,1.00000,0.00000,0.00000,0.00000
160.30125,0.99750,1.00000,0.00000,0.00000,0.00000
160.40125,0.99750,1.00000,0.00000,0.00000,0.00000
160.50125,0.99750,1.00000,0.00000,0.00000,0.00000
160.60126,0.99750,1.00000,0.00000,0.00000,0.00000
160.70125,0.99750,1.00000,0.00000,0.00000,0.00000
160.80125,0.99750,1.00000,0.00000,0.00000,0.00000
160.90125,0.99750,1.00000,0.00000,0.00000,0.00000
161.00125,0.99750,1.00000,0.00000,0.00000,0.00000
161.10126,0.99750,1.00000,0.00000,0.00000,0.00000
161.20125,0.99750,1.00000,0.00000,0.00000,0.00000
161.30125,0.99750,1.00000,0.00000,0.00000,0.00000
161.40125,0.99750,1.00000,0.00000,0.00000,0.00000
161.50125,0.99750,1.00000,0.00000,0.00000,0.00000
161.60126,0.99750,1.00000,0.00000,0.00000,0.00000
161.70125,0.99750,1.00000,0.00000,0.00000,0.00000
161.80125,0.99750,1.00000,0.00000,0.00000,0.00000
161.90125,0.99750,1.00000,0.00000,0.00000,0.00000
162.00125,0.99750,1.00000,0.00000,0.00000,0.00000
162.10126,0.99750,1.00000,0.00000,0.00000,0.00000
162.20125,0.99750,1.00000,0.00000,0.00000,0.00000
162.30125,0.99750,1.00000,0.00000,0.00000,0.00000
162.40125,0.99750,1.00000,0.00000,0.00000,0.00000
162.50125,0.99750,1.00000,0.00000,0.00000,0.00000
162.60126,0.99750,1.00000,0.00000,0.00000,0.00000
162.70125,0.99750,1.00000,0.00000,0.00000,0.00000
162.80125,0.99750,1.00000,0.00000,0.00000,0.00000
162.90125,0.99750,1.00000,0.00000,0.00000,0.00000
163.00125,0.99750,1.00000,0.00000,0.00000,0.00000
163.10126,0.99750,1.00000,0.00000,0.00000,0.00000
163.20125,0.99750,1.00000,0.00000,0.00000,0.00000
163.30125,0.99750,1.00000,0.00000,0.00000,0.00000
163.40125,0.99750,1.00000,0.00000,0.00000,0.00000
163.50125,0.99750,1.00000,0.00000,0.00000,0.00000
163.60126,0.99750,1.00000,0.00000,0.00000,0.00000
163.70125,0.99750,1.00000,0.00000,0.00000,0.00000
163.80125,0.99750,1.00000,0.00000,0.00000,0.00000
163.90125,0.99750,1.00000,0.00000,0.00000,0.00000
164.00125,0.99750,1.00000,0.00000,0.00000,0.00000
164.10126,0.99750,1.00000,0.00000,0.00000,0.00000
164.20125,0.99750,1.00000,0.00000,0.00000,0.00000
164.30125,0.99750,1.00000,0.00000,0.00000,0.00000
164.40125,0.99750,1.00000,0.00000,0.00000,0.00000
164.50125,0.99750,1.00000,0.00000,0.00000,0.00000
164.60126,0.99750,1.00000,0.00000,0.00000,0.00000
164.70125,0.99750,1.00000,0.00000,0.00000,0.00000
164.80125,0.99750,0.99999,0.00000,0.00000,0.00001
164.90125,0.99750,0.99997,0.00000,0.00000,0.00003
165.00125,0.99750,0.99994,0.00000,0.00000,0.00006
165.10126,0.99750,0.99996,0.00000,0.00000,0.00004
165.20125,0.99750,0.99995,0.00000,0.00000,0.00005
165.30125,0.99750,0.99997,0.00000,0.00000,0.00003
165.40125,0.99750,0.99998,0.00000,0.00000,0.00002
165.50125,0.99750,0.99998,0.00000,0.00000,0.00002
165.60126,0.99750,0.99998,0.00000,0.00000,0.00002
165.70125,0.99750,0.99998,0.00000,0.00000,0.00002
165.80125,0.99750,0.99998,0.00000,0.00000,0.00002
165.90125,0.99750,0.99997,0.00000,0.00000,0.00003
166.00125,0.99750,0.99997,0.00000,0.00000,0.00003
166.10126,0.99750,0.99997,0.00000,0.00000,0.00003
166.20125,0.99750,0.99997,0.00000,0.00000,0.00003
166.30125,0.99750,0.99999,0.00000,0.00000,0.00001
166.40125,0.99750,0.99999,0.00000,0.00000,0.00001
