Time (seconds), Duration (seconds),pred_(unlabeled),pred_Jab_R,pred_Sidehook_R,pred_Uppercut_R
0.00125,0.99750,1.00000,0.00000,0.00000,0.00000
0.10125,0.99750,1.00000,0.00000,0.00000,0.00000
0.20125,0.99750,1.00000,0.00000,0.00000,0.00000
0.30125,0.99750,1.00000,0.00000,0.00000,0.00000
0.40125,0.99750,1.00000,0.00000,0.00000,0.00000
0.50125,0.99750,0.99999,0.00001,0.00000,0.00000
0.60125,0.99750,0.99997,0.00000,0.00003,0.00000
0.70125,0.99750,0.99944,0.00000,0.00056,0.00000
0.80125,0.99750,0.99307,0.00000,0.00693,0.00000
0.90125,0.99750,0.92803,0.00000,0.07197,0.00000
1.00125,0.99750,0.27019,0.00000,0.72981,0.00000
1.10125,0.99750,0.02268,0.00000,0.97732,0.00000
1.20125,0.99750,0.01045,0.00000,0.98955,0.00000
1.30125,0.99750,0.01178,0.00000,0.98822,0.00000
1.40125,0.99750,0.20028,0.00000,0.79972,0.00000
1.50125,0.99750,0.90924,0.00000,0.09076,0.00000
1.60125,0.99750,0.99896,0.00000,0.00104,0.00000
1.70125,0.99750,0.99997,0.00001,0.00002,0.00000
1.80125,0.99750,0.99985,0.00015,0.00000,0.00000
1.90125,0.99750,0.99999,0.00001,0.00000,0.00000
2.00125,0.99750,1.00000,0.00000,0.00000,0.00000
2.10125,0.99750,1.00000,0.00000,0.00000,0.00000
2.20125,0.99750,1.00000,0.00000,0.00000,0.00000
2.30125,0.99750,1.00000,0.00000,0.00000,0.00000
2.40125,0.99750,1.00000,0.00000,0.00000,0.00000
2.50125,0.99750,0.99996,0.00000,0.00004,0.00000
2.60125,0.99750,0.99900,0.00000,0.00100,0.00000
2.70125,0.99750,0.98226,0.00000,0.01774,0.00000
2.80125,0.99750,0.55341,0.00000,0.44659,0.00000
2.90125,0.99750,0.05728,0.00000,0.94272,0.00000
3.00125,0.99750,0.01015,0.00000,0.98985,0.00000
3.10125,0.99750,0.00625,0.00000,0.99375,0.00000
3.20125,0.99750,0.09089,0.00000,0.90911,0.00000
3.30125,0.99750,0.70887,0.00000,0.29113,0.00000
3.40125,0.99750,0.99571,0.00000,0.00429,0.00000
3.50125,0.99750,0.99997,0.00002,0.00002,0.00000
3.60125,0.99750,0.99985,0.00014,0.00001,0.00000
3.70125,0.99750,0.99999,0.00001,0.00000,0.00000
3.80125,0.99750,1.00000,0.00000,0.00000,0.00000
3.90125,0.99750,1.00000,0.00000,0.00000,0.00000
4.00125,0.99750,1.00000,0.00000,0.00000,0.00000
4.10125,0.99750,1.00000,0.00000,0.00000,0.00000
4.20125,0.99750,0.99998,0.00000,0.00002,0.00000
4.30125,0.99750,0.99939,0.00000,0.00061,0.00000
4.40125,0.99750,0.98227,0.00000,0.01773,0.00000
4.50125,0.99750,0.59591,0.00000,0.40409,0.00000
4.60125,0.99750,0.03415,0.00000,0.96585,0.00000
4.70125,0.99750,0.00287,0.00000,0.99713,0.00000
4.80125,0.99750,0.00381,0.00000,0.99619,0.00000
4.90125,0.99750,0.06213,0.00000,0.93787,0.00000
5.00125,0.99750,0.65683,0.00000,0.34317,0.00000
5.10125,0.99750,0.98785,0.00000,0.01215,0.00000
5.20125,0.99750,0.99992,0.00005,0.00003,0.00000
5.30125,0.99750,0.99998,0.00001,0.00001,0.00000
5.40125,0.99750,0.99999,0.00000,0.00000,0.00000
5.50125,0.99750,1.00000,0.00000,0.00000,0.00000
5.60125,0.99750,1.00000,0.00000,0.00000,0.00000
5.70125,0.99750,1.00000,0.00000,0.00000,0.00000
5.80125,0.99750,0.99998,0.00000,0.00002,0.00000
5.90125,0.99750,0.99973,0.00000,0.00027,0.00000
6.00125,0.99750,0.99467,0.00000,0.00533,0.00000
6.10125,0.99750,0.85843,0.00000,0.14157,0.00000
6.20125,0.99750,0.16229,0.00000,0.83771,0.00000
6.30125,0.99750,0.01339,0.00000,0.98661,0.00000
6.40125,0.99750,0.00304,0.00000,0.99696,0.00000
6.50125,0.99750,0.01092,0.00000,0.98908,0.00000
6.60125,0.99750,0.18828,0.00000,0.81172,0.00000
6.70125,0.99750,0.88665,0.00000,0.11335,0.00000
6.80125,0.99750,0.99825,0.00000,0.00175,0.00000
6.90125,0.99750,0.99995,0.00001,0.00004,0.00000
7.00125,0.99750,0.99998,0.00001,0.00001,0.00000
7.10125,0.99750,0.99999,0.00000,0.00000,0.00000
7.20125,0.99750,0.99999,0.00001,0.00001,0.00000
7.30125,0.99750,0.99999,0.00000,0.00001,0.00000
7.40125,0.99750,0.99999,0.00000,0.00001,0.00000
7.50125,0.99750,0.99987,0.00000,0.00013,0.00000
7.60125,0.99750,0.99753,0.00000,0.00247,0.00000
7.70125,0.99750,0.92367,0.00000,0.07634,0.00000
7.80125,0.99750,0.24774,0.00000,0.75226,0.00000
7.90125,0.99750,0.01777,0.00000,0.98223,0.00000
8.00125,0.99750,0.00252,0.00000,0.99748,0.00000
8.10125,0.99750,0.00206,0.00000,0.99794,0.00000
8.20125,0.99750,0.01481,0.00000,0.98519,0.00000
8.30125,0.99750,0.17818,0.00000,0.82182,0.00000
8.40125,0.99750,0.94645,0.00000,0.05355,0.00000
8.50125,0.99750,0.99924,0.00015,0.00061,0.00000
8.60125,0.99750,0.99987,0.00004,0.00010,0.00000
8.70125,0.99750,0.99999,0.00001,0.00001,0.00000
8.80125,0.99750,1.00000,0.00000,0.00000,0.00000
8.90125,0.99750,1.00000,0.00000,0.00000,0.00000
9.00125,0.99750,1.00000,0.00000,0.00000,0.00000
9.10125,0.99750,1.00000,0.00000,0.00000,0.00000
9.20125,0.99750,0.99999,0.00000,0.00001,0.00000
9.30125,0.99750,0.99985,0.00000,0.00015,0.00000
9.40125,0.99750,0.99426,0.00000,0.00574,0.00000
9.50125,0.99750,0.85905,0.00000,0.14095,0.00000
9.60125,0.99750,0.17588,0.00000,0.82412,0.00000
9.70125,0.99750,0.01510,0.00000,0.98490,0.00000
9.80125,0.99750,0.00286,0.00000,0.99714,0.00000
9.90125,0.99750,0.01208,0.00000,0.98792,0.00000
10.00125,0.99750,0.06176,0.00000,0.93824,0.00000
10.10125,0.99750,0.66552,0.00000,0.33448,0.00000
10.20125,0.99750,0.99408,0.00000,0.00592,0.00000
10.30125,0.99750,0.99988,0.00003,0.00008,0.00000
10.40125,0.99750,0.99996,0.00002,0.00002,0.00000
10.50125,0.99750,0.99999,0.00000,0.00000,0.00000
10.60125,0.99750,1.00000,0.00000,0.00000,0.00000
10.70125,0.99750,1.00000,0.00000,0.00000,0.00000
10.80125,0.99750,0.99999,0.00000,0.00000,0.00001
10.90125,0.99750,0.99998,0.00000,0.00000,0.00002
11.00125,0.99750,0.99997,0.00000,0.00002,0.00001
11.10125,0.99750,0.99948,0.00000,0.00050,0.00002
11.20125,0.99750,0.98239,0.00000,0.01759,0.00002
11.30125,0.99750,0.71577,0.00000,0.28421,0.00002
11.40125,0.99750,0.13486,0.00000,0.86514,0.00000
11.50125,0.99750,0.00914,0.00000,0.99085,0.00000
11.60125,0.99750,0.11600,0.00001,0.88398,0.00001
11.70125,0.99750,0.69644,0.00002,0.30353,0.00001
11.80125,0.99750,0.99299,0.00000,0.00701,0.00000
11.90125,0.99750,0.99971,0.00000,0.00029,0.00000
12.00125,0.99750,0.99997,0.00002,0.00002,0.00000
12.10125,0.99750,0.99990,0.00009,0.00002,0.00000
12.20125,0.99750,0.99981,0.00017,0.00002,0.00000
12.30125,0.99750,0.99981,0.00016,0.00002,0.00000
12.40125,0.99750,0.99995,0.00001,0.00004,0.00000
12.50125,0.99750,0.99987,0.00000,0.00013,0.00000
12.60125,0.99750,0.99870,0.00000,0.00130,0.00000
12.70125,0.99750,0.97401,0.00000,0.02599,0.00000
12.80125,0.99750,0.39378,0.00000,0.60622,0.00000
12.90125,0.99750,0.03286,0.00000,0.96714,0.00000
13.00125,0.99750,0.00563,0.00000,0.99437,0.00000
13.10125,0.99750,0.00746,0.00000,0.99254,0.00000
13.20125,0.99750,0.07604,0.00000,0.92396,0.00000
13.30125,0.99750,0.56573,0.00000,0.43427,0.00000
13.40125,0.99750,0.98703,0.00000,0.01297,0.00000
13.50125,0.99750,0.99993,0.00000,0.00007,0.00000
13.60125,0.99750,0.99998,0.00000,0.00001,0.00000
13.70125,0.99750,0.99999,0.00000,0.00000,0.00000
13.80125,0.99750,0.99999,0.00000,0.00001,0.00000
13.90125,0.99750,0.99999,0.00000,0.00001,0.00000
14.00125,0.99750,0.99999,0.00000,0.00000,0.00000
14.10125,0.99750,0.99992,0.00000,0.00008,0.00000
14.20125,0.99750,0.99953,0.00000,0.00047,0.00000
14.30125,0.99750,0.98938,0.00000,0.01062,0.00000
14.40125,0.99750,0.72030,0.00000,0.27970,0.00000
14.50125,0.99750,0.08253,0.00000,0.91747,0.00000
14.60125,0.99750,0.00720,0.00000,0.99280,0.00000
14.70125,0.99750,0.00317,0.00000,0.99683,0.00000
14.80125,0.99750,0.02609,0.00000,0.97391,0.00000
14.90125,0.99750,0.53658,0.00000,0.46342,0.00000
15.00125,0.99750,0.98314,0.00000,0.01686,0.00000
15.10125,0.99750,0.99975,0.00000,0.00024,0.00000
15.20125,0.99750,0.99998,0.00001,0.00001,0.00000
15.30125,0.99750,1.00000,0.00000,0.00000,0.00000
15.40125,0.99750,1.00000,0.00000,0.00000,0.00000
15.50125,0.99750,1.00000,0.00000,0.00000,0.00000
15.60125,0.99750,1.00000,0.00000,0.00000,0.00000
15.70125,0.99750,1.00000,0.00000,0.00000,0.00000
15.80125,0.99750,0.99999,0.00000,0.00001,0.00000
15.90125,0.99750,0.99950,0.00000,0.00050,0.00000
16.00125,0.99750,0.98638,0.00000,0.01362,0.00000
16.10125,0.99750,0.71885,0.00000,0.28115,0.00000
16.20125,0.99750,0.07886,0.00000,0.92114,0.00000
16.30125,0.99750,0.00814,0.00000,0.99186,0.00000
16.40125,0.99750,0.00286,0.00000,0.99714,0.00000
16.50125,0.99750,0.00251,0.00000,0.99749,0.00000
16.60125,0.99750,0.03082,0.00000,0.96918,0.00000
16.70125,0.99750,0.31094,0.00000,0.68906,0.00000
16.80125,0.99750,0.98557,0.00000,0.01443,0.00000
16.90125,0.99750,0.99950,0.00001,0.00049,0.00000
17.00125,0.99750,0.99990,0.00000,0.00010,0.00000
17.10125,0.99750,0.99997,0.00001,0.00002,0.00000
17.20125,0.99750,0.99991,0.00006,0.00003,0.00000
17.30125,0.99750,0.99988,0.00010,0.00002,0.00000
17.40125,0.99750,0.99995,0.00002,0.00003,0.00000
17.50125,0.99750,0.99994,0.00000,0.00006,0.00000
17.60125,0.99750,0.99913,0.00000,0.00086,0.00000
17.70125,0.99750,0.98842,0.00000,0.01157,0.00001
17.80125,0.99750,0.70577,0.00000,0.29423,0.00000
17.90125,0.99750,0.06538,0.00000,0.93462,0.00000
18.00125,0.99750,0.00765,0.00000,0.99235,0.00000
18.10125,0.99750,0.00512,0.00000,0.99488,0.00000
18.20125,0.99750,0.01574,0.00000,0.98426,0.00000
18.30125,0.99750,0.17712,0.00000,0.82288,0.00000
18.40125,0.99750,0.89787,0.00000,0.10213,0.00000
18.50125,0.99750,0.99706,0.00001,0.00293,0.00000
18.60125,0.99750,0.99980,0.00013,0.00007,0.00000
18.70125,0.99750,0.99980,0.00019,0.00000,0.00000
18.80125,0.99750,0.99998,0.00001,0.00000,0.00000
18.90125,0.99750,1.00000,0.00000,0.00000,0.00000
19.00125,0.99750,1.00000,0.00000,0.00000,0.00000
19.10125,0.99750,1.00000,0.00000,0.00000,0.00000
19.20125,0.99750,0.99999,0.00001,0.00000,0.00000
19.30125,0.99750,1.00000,0.00000,0.00000,0.00000
19.40125,0.99750,0.99984,0.00000,0.00016,0.00000
19.50125,0.99750,0.99690,0.00000,0.00310,0.00000
19.60125,0.99750,0.91810,0.00000,0.08190,0.00000
19.70125,0.99750,0.22985,0.00000,0.77014,0.00000
19.80125,0.99750,0.02433,0.00000,0.97567,0.00000
19.90125,0.99750,0.00790,0.00000,0.99210,0.00000
20.00125,0.99750,0.03826,0.00000,0.96174,0.00000
20.10125,0.99750,0.40830,0.00000,0.59170,0.00000
20.20125,0.99750,0.83655,0.00000,0.16345,0.00000
20.30125,0.99750,0.94827,0.00000,0.05172,0.00000
20.40125,0.99750,0.99838,0.00018,0.00144,0.00000
20.50125,0.99750,0.99985,0.00006,0.00008,0.00000
20.60125,0.99750,0.99997,0.00002,0.00001,0.00000
20.70125,0.99750,0.99999,0.00001,0.00000,0.00000
20.80125,0.99750,0.99999,0.00001,0.00000,0.00001
20.90125,0.99750,0.99993,0.00004,0.00000,0.00002
21.00125,0.99750,0.99996,0.00001,0.00003,0.00000
21.10125,0.99750,0.99912,0.00000,0.00088,0.00000
21.20125,0.99750,0.99815,0.00000,0.00185,0.00000
21.30125,0.99750,0.99571,0.00000,0.00429,0.00000
21.40125,0.99750,0.83171,0.00000,0.16829,0.00000
21.50125,0.99750,0.11188,0.00000,0.88811,0.00000
21.60125,0.99750,0.01800,0.00000,0.98200,0.00000
21.70125,0.99750,0.04954,0.00000,0.95046,0.00000
21.80125,0.99750,0.56383,0.00000,0.43617,0.00000
21.90125,0.99750,0.97004,0.00000,0.02996,0.00000
22.00125,0.99750,0.99967,0.00000,0.00033,0.00000
22.10125,0.99750,1.00000,0.00000,0.00000,0.00000
22.20125,0.99750,0.99999,0.00001,0.00000,0.00000
22.30125,0.99750,1.00000,0.00000,0.00000,0.00000
22.40125,0.99750,1.00000,0.00000,0.00000,0.00000
22.50125,0.99750,1.00000,0.00000,0.00000,0.00000
22.60125,0.99750,1.00000,0.00000,0.00000,0.00000
22.70125,0.99750,0.99999,0.00000,0.00001,0.00000
22.80125,0.99750,0.99957,0.00000,0.00043,0.00000
22.90125,0.99750,0.99746,0.00000,0.00254,0.00000
23.00125,0.99750,0.92949,0.00000,0.07051,0.00000
23.10125,0.99750,0.24017,0.00000,0.75983,0.00000
23.20125,0.99750,0.01910,0.00000,0.98090,0.00000
23.30125,0.99750,0.00816,0.00000,0.99184,0.00000
23.40125,0.99750,0.10696,0.00000,0.89303,0.00000
23.50125,0.99750,0.82978,0.00000,0.17022,0.00000
23.60125,0.99750,0.99297,0.00000,0.00703,0.00000
23.70125,0.99750,0.99977,0.00000,0.00023,0.00000
23.80125,0.99750,1.00000,0.00000,0.00000,0.00000
23.90125,0.99750,1.00000,0.00000,0.00000,0.00000
24.00125,0.99750,1.00000,0.00000,0.00000,0.00000
24.10125,0.99750,1.00000,0.00000,0.00000,0.00000
24.20125,0.99750,1.00000,0.00000,0.00000,0.00000
24.30125,0.99750,1.00000,0.00000,0.00000,0.00000
24.40125,0.99750,0.99994,0.00000,0.00006,0.00000
24.50125,0.99750,0.99745,0.00000,0.00255,0.00000
24.60125,0.99750,0.96880,0.00000,0.03120,0.00000
24.70125,0.99750,0.59999,0.00000,0.40000,0.00000
24.80125,0.99750,0.04533,0.00000,0.95467,0.00000
24.90125,0.99750,0.01084,0.00000,0.98916,0.00000
25.00125,0.99750,0.01208,0.00000,0.98792,0.00000
25.10125,0.99750,0.07333,0.00000,0.92667,0.00000
25.20125,0.99750,0.68965,0.00000,0.31035,0.00000
25.30125,0.99750,0.99304,0.00000,0.00696,0.00000
25.40125,0.99750,0.99997,0.00000,0.00003,0.00000
25.50125,0.99750,0.99998,0.00000,0.00002,0.00000
25.60125,0.99750,0.99997,0.00002,0.00001,0.00000
25.70125,0.99750,0.99995,0.00002,0.00003,0.00000
25.80125,0.99750,0.99995,0.00002,0.00003,0.00000
25.90125,0.99750,0.99997,0.00000,0.00003,0.00000
26.00125,0.99750,0.99995,0.00000,0.00005,0.00000
26.10125,0.99750,0.99948,0.00000,0.00052,0.00000
26.20125,0.99750,0.98049,0.00000,0.01951,0.00000
26.30125,0.99750,0.80557,0.00000,0.19443,0.00000
26.40125,0.99750,0.13721,0.00000,0.86279,0.00000
26.50125,0.99750,0.01894,0.00000,0.98106,0.00000
26.60125,0.99750,0.01054,0.00000,0.98946,0.00000
26.70125,0.99750,0.07790,0.00000,0.92209,0.00000
26.80125,0.99750,0.74681,0.00000,0.25319,0.00000
26.90125,0.99750,0.99314,0.00000,0.00686,0.00000
27.00125,0.99750,0.99983,0.00001,0.00016,0.00000
27.10125,0.99750,0.99992,0.00007,0.00000,0.00000
27.20125,0.99750,0.99994,0.00006,0.00000,0.00000
27.30125,0.99750,0.99996,0.00004,0.00000,0.00000
27.40125,0.99750,0.99997,0.00003,0.00000,0.00000
27.50125,0.99750,0.99997,0.00003,0.00000,0.00000
27.60125,0.99750,0.99999,0.00001,0.00000,0.00000
27.70125,0.99750,0.99998,0.00000,0.00001,0.00000
27.80125,0.99750,0.99936,0.00000,0.00064,0.00000
27.90125,0.99750,0.98801,0.00000,0.01199,0.00000
28.00125,0.99750,0.68246,0.00000,0.31754,0.00000
28.10125,0.99750,0.04790,0.00000,0.95209,0.00000
28.20125,0.99750,0.00993,0.00000,0.99007,0.00000
28.30125,0.99750,0.01284,0.00000,0.98716,0.00000
28.40125,0.99750,0.12715,0.00000,0.87284,0.00000
28.50125,0.99750,0.79382,0.00000,0.20617,0.00000
28.60125,0.99750,0.99420,0.00000,0.00580,0.00000
28.70125,0.99750,0.99990,0.00000,0.00010,0.00000
28.80125,0.99750,0.99999,0.00000,0.00001,0.00000
28.90125,0.99750,0.99999,0.00000,0.00000,0.00000
29.00125,0.99750,0.99998,0.00001,0.00000,0.00000
29.10125,0.99750,0.99998,0.00001,0.00000,0.00000
29.20125,0.99750,0.99999,0.00000,0.00001,0.00000
29.30125,0.99750,0.99997,0.00000,0.00003,0.00000
29.40125,0.99750,0.99971,0.00000,0.00029,0.00000
29.50125,0.99750,0.98782,0.00000,0.01217,0.00000
29.60125,0.99750,0.80304,0.00000,0.19696,0.00000
29.70125,0.99750,0.13758,0.00000,0.86242,0.00000
29.80125,0.99750,0.01003,0.00000,0.98997,0.00000
29.90125,0.99750,0.00610,0.00000,0.99390,0.00000
30.00125,0.99750,0.03059,0.00000,0.96941,0.00000
30.10125,0.99750,0.52513,0.00000,0.47487,0.00000
30.20125,0.99750,0.97491,0.00000,0.02509,0.00000
30.30125,0.99750,0.99961,0.00000,0.00039,0.00000
30.40125,0.99750,0.99973,0.00001,0.00026,0.00000
30.50125,0.99750,0.99945,0.00024,0.00031,0.00000
30.60125,0.99750,0.99936,0.00028,0.00036,0.00000
30.70125,0.99750,0.99955,0.00016,0.00030,0.00000
30.80125,0.99750,0.99961,0.00001,0.00038,0.00000
30.90125,0.99750,0.99829,0.00000,0.00170,0.00000
31.00125,0.99750,0.98965,0.00000,0.01035,0.00000
31.10125,0.99750,0.79468,0.00000,0.20532,0.00000
31.20125,0.99750,0.14188,0.00000,0.85812,0.00000
31.30125,0.99750,0.01541,0.00000,0.98459,0.00000
31.40125,0.99750,0.01067,0.00000,0.98933,0.00000
31.50125,0.99750,0.01068,0.00000,0.98932,0.00000
31.60125,0.99750,0.13823,0.00000,0.86177,0.00000
31.70125,0.99750,0.82694,0.00000,0.17306,0.00000
31.80125,0.99750,0.99534,0.00000,0.00466,0.00000
31.90125,0.99750,0.99993,0.00000,0.00006,0.00000
32.00125,0.99750,0.99966,0.00004,0.00030,0.00000
32.10125,0.99750,0.99931,0.00016,0.00054,0.00000
32.20125,0.99750,0.99916,0.00026,0.00058,0.00000
32.30125,0.99750,0.99929,0.00012,0.00059,0.00000
32.40125,0.99750,0.99903,0.00000,0.00096,0.00000
32.50125,0.99750,0.99836,0.00000,0.00164,0.00000
32.60125,0.99750,0.98660,0.00000,0.01340,0.00000
32.70125,0.99750,0.76104,0.00000,0.23895,0.00001
32.80125,0.99750,0.11725,0.00000,0.88275,0.00000
32.90125,0.99750,0.02416,0.00000,0.97584,0.00000
33.00125,0.99750,0.01844,0.00000,0.98156,0.00000
33.10125,0.99750,0.06285,0.00000,0.93715,0.00000
33.20125,0.99750,0.59106,0.00000,0.40893,0.00000
33.30125,0.99750,0.97771,0.00000,0.02229,0.00000
33.40125,0.99750,0.99902,0.00000,0.00098,0.00000
33.50125,0.99750,0.99997,0.00000,0.00003,0.00000
33.60125,0.99750,0.99997,0.00002,0.00001,0.00000
33.70125,0.99750,0.99998,0.00001,0.00001,0.00000
33.80125,0.99750,0.99997,0.00001,0.00001,0.00000
33.90125,0.99750,0.99997,0.00001,0.00001,0.00000
34.00125,0.99750,0.99999,0.00000,0.00001,0.00000
34.10125,0.99750,0.99988,0.00000,0.00012,0.00000
34.20125,0.99750,0.99754,0.00000,0.00246,0.00000
34.30125,0.99750,0.95465,0.00000,0.04535,0.00000
34.40125,0.99750,0.56729,0.00000,0.43271,0.00000
34.50125,0.99750,0.07826,0.00000,0.92174,0.00000
34.60125,0.99750,0.01346,0.00000,0.98654,0.00000
34.70125,0.99750,0.01345,0.00000,0.98655,0.00000
34.80125,0.99750,0.07258,0.00000,0.92742,0.00000
34.90125,0.99750,0.39847,0.00000,0.60153,0.00000
35.00125,0.99750,0.97823,0.00000,0.02177,0.00000
35.10125,0.99750,0.99965,0.00001,0.00034,0.00000
35.20125,0.99750,0.99952,0.00003,0.00045,0.00000
35.30125,0.99750,0.99953,0.00015,0.00031,0.00001
35.40125,0.99750,0.99946,0.00023,0.00030,0.00001
35.50125,0.99750,0.99943,0.00022,0.00032,0.00003
35.60125,0.99750,0.99956,0.00010,0.00031,0.00004
35.70125,0.99750,0.99943,0.00001,0.00056,0.00000
35.80125,0.99750,0.99719,0.00000,0.00281,0.00000
35.90125,0.99750,0.98083,0.00000,0.01916,0.00001
36.00125,0.99750,0.64648,0.00000,0.35351,0.00000
36.10125,0.99750,0.16206,0.00000,0.83794,0.00000
36.20125,0.99750,0.02369,0.00000,0.97631,0.00000
36.30125,0.99750,0.01588,0.00000,0.98412,0.00000
36.40125,0.99750,0.02165,0.00000,0.97835,0.00000
36.50125,0.99750,0.21149,0.00000,0.78851,0.00000
36.60125,0.99750,0.90383,0.00000,0.09617,0.00000
36.70125,0.99750,0.99914,0.00000,0.00086,0.00000
36.80125,0.99750,0.99997,0.00000,0.00003,0.00000
36.90125,0.99750,0.99999,0.00000,0.00001,0.00000
37.00125,0.99750,0.99999,0.00001,0.00000,0.00000
37.10125,0.99750,0.99997,0.00003,0.00000,0.00000
37.20125,0.99750,0.99997,0.00003,0.00000,0.00000
37.30125,0.99750,0.99999,0.00001,0.00000,0.00000
37.40125,0.99750,0.99999,0.00000,0.00001,0.00000
37.50125,0.99750,0.99988,0.00000,0.00012,0.00000
37.60125,0.99750,0.99771,0.00000,0.00229,0.00000
37.70125,0.99750,0.90917,0.00000,0.09083,0.00000
37.80125,0.99750,0.18483,0.00000,0.81517,0.00000
37.90125,0.99750,0.01611,0.00000,0.98389,0.00000
38.00125,0.99750,0.01159,0.00000,0.98841,0.00000
38.10125,0.99750,0.01623,0.00000,0.98377,0.00000
38.20125,0.99750,0.17007,0.00000,0.82993,0.00000
38.30125,0.99750,0.89256,0.00000,0.10744,0.00000
38.40125,0.99750,0.99782,0.00000,0.00218,0.00000
38.50125,0.99750,0.99989,0.00000,0.00010,0.00000
38.60125,0.99750,0.99920,0.00008,0.00073,0.00000
38.70125,0.99750,0.99911,0.00030,0.00059,0.00000
38.80125,0.99750,0.99882,0.00038,0.00080,0.00000
38.90125,0.99750,0.99887,0.00004,0.00109,0.00000
39.00125,0.99750,0.99810,0.00000,0.00190,0.00000
39.10125,0.99750,0.99490,0.00000,0.00510,0.00000
39.20125,0.99750,0.93321,0.00000,0.06679,0.00000
39.30125,0.99750,0.24502,0.00000,0.75498,0.00000
39.40125,0.99750,0.02150,0.00000,0.97850,0.00000
39.50125,0.99750,0.00368,0.00000,0.99632,0.00000
39.60125,0.99750,0.00437,0.00000,0.99563,0.00000
39.70125,0.99750,0.05635,0.00000,0.94365,0.00000
39.80125,0.99750,0.64506,0.00000,0.35494,0.00000
39.90125,0.99750,0.99126,0.00000,0.00874,0.00000
40.00125,0.99750,0.99997,0.00000,0.00003,0.00000
40.10125,0.99750,0.99999,0.00000,0.00001,0.00000
40.20125,0.99750,1.00000,0.00000,0.00000,0.00000
40.30125,0.99750,1.00000,0.00000,0.00000,0.00000
40.40125,0.99750,1.00000,0.00000,0.00000,0.00000
40.50125,0.99750,1.00000,0.00000,0.00000,0.00000
40.60125,0.99750,1.00000,0.00000,0.00000,0.00000
40.70125,0.99750,1.00000,0.00000,0.00000,0.00000
40.80125,0.99750,1.00000,0.00000,0.00000,0.00000
40.90125,0.99750,1.00000,0.00000,0.00000,0.00000
41.00125,0.99750,1.00000,0.00000,0.00000,0.00000
41.10125,0.99750,1.00000,0.00000,0.00000,0.00000
41.20125,0.99750,1.00000,0.00000,0.00000,0.00000
41.30125,0.99750,0.99999,0.00001,0.00000,0.00000
41.40125,0.99750,0.99999,0.00000,0.00000,0.00000
41.50125,0.99750,0.99980,0.00000,0.00020,0.00000
41.60125,0.99750,0.99397,0.00000,0.00603,0.00000
41.70125,0.99750,0.84849,0.00000,0.15151,0.00000
41.80125,0.99750,0.11469,0.00000,0.88530,0.00000
41.90125,0.99750,0.01055,0.00000,0.98945,0.00000
42.00125,0.99750,0.00632,0.00000,0.99368,0.00000
42.10125,0.99750,0.00796,0.00000,0.99204,0.00000
42.20125,0.99750,0.22553,0.00000,0.77447,0.00000
42.30125,0.99750,0.89841,0.00000,0.10159,0.00000
42.40125,0.99750,0.99759,0.00000,0.00241,0.00000
42.50125,0.99750,0.99998,0.00000,0.00002,0.00000
42.60125,0.99750,0.99999,0.00000,0.00001,0.00000
42.70125,0.99750,1.00000,0.00000,0.00000,0.00000
42.80125,0.99750,1.00000,0.00000,0.00000,0.00000
42.90125,0.99750,1.00000,0.00000,0.00000,0.00000
43.00125,0.99750,1.00000,0.00000,0.00000,0.00000
43.10125,0.99750,1.00000,0.00000,0.00000,0.00000
43.20125,0.99750,1.00000,0.00000,0.00000,0.00000
43.30125,0.99750,0.99999,0.00000,0.00001,0.00000
43.40125,0.99750,0.99960,0.00000,0.00040,0.00000
43.50125,0.99750,0.99029,0.00000,0.00971,0.00000
43.60125,0.99750,0.71667,0.00000,0.28333,0.00000
43.70125,0.99750,0.07094,0.00000,0.92906,0.00000
43.80125,0.99750,0.00949,0.00000,0.99051,0.00000
43.90125,0.99750,0.00395,0.00000,0.99605,0.00000
44.00125,0.99750,0.00459,0.00000,0.99541,0.00000
44.10125,0.99750,0.05347,0.00000,0.94653,0.00000
44.20125,0.99750,0.58603,0.00000,0.41397,0.00000
44.30125,0.99750,0.99509,0.00000,0.00491,0.00000
44.40125,0.99750,0.99992,0.00002,0.00006,0.00000
44.50125,0.99750,0.99996,0.00002,0.00001,0.00000
44.60125,0.99750,0.99999,0.00001,0.00000,0.00000
44.70125,0.99750,1.00000,0.00000,0.00000,0.00000
44.80125,0.99750,1.00000,0.00000,0.00000,0.00000
44.90125,0.99750,1.00000,0.00000,0.00000,0.00000
45.00125,0.99750,1.00000,0.00000,0.00000,0.00000
45.10125,0.99750,0.99999,0.00000,0.00001,0.00000
45.20125,0.99750,0.99981,0.00000,0.00019,0.00000
45.30125,0.99750,0.99718,0.00000,0.00282,0.00000
45.40125,0.99750,0.89855,0.00000,0.10145,0.00000
45.50125,0.99750,0.20339,0.00000,0.79661,0.00000
45.60125,0.99750,0.02851,0.00000,0.97149,0.00000
45.70125,0.99750,0.00752,0.00000,0.99248,0.00000
45.80125,0.99750,0.04531,0.00000,0.95468,0.00000
45.90125,0.99750,0.53607,0.00000,0.46393,0.00000
46.00125,0.99750,0.98122,0.00000,0.01877,0.00000
46.10125,0.99750,0.99973,0.00000,0.00027,0.00000
46.20125,0.99750,0.99999,0.00000,0.00000,0.00000
46.30125,0.99750,1.00000,0.00000,0.00000,0.00000
46.40125,0.99750,1.00000,0.00000,0.00000,0.00000
46.50125,0.99750,1.00000,0.00000,0.00000,0.00000
46.60125,0.99750,1.00000,0.00000,0.00000,0.00000
46.70125,0.99750,1.00000,0.00000,0.00000,0.00000
46.80125,0.99750,1.00000,0.00000,0.00000,0.00000
46.90125,0.99750,0.99997,0.00000,0.00003,0.00000
47.00125,0.99750,0.99851,0.00000,0.00149,0.00000
47.10125,0.99750,0.96407,0.00000,0.03593,0.00000
47.20125,0.99750,0.53454,0.00000,0.46546,0.00000
47.30125,0.99750,0.03511,0.00000,0.96489,0.00000
47.40125,0.99750,0.00618,0.00000,0.99382,0.00000
47.50125,0.99750,0.00491,0.00000,0.99509,0.00000
47.60125,0.99750,0.02887,0.00000,0.97113,0.00000
47.70125,0.99750,0.32575,0.00000,0.67425,0.00000
47.80125,0.99750,0.93247,0.00000,0.06753,0.00000
47.90125,0.99750,0.99845,0.00000,0.00155,0.00000
48.00125,0.99750,0.99996,0.00001,0.00004,0.00000
48.10125,0.99750,0.99999,0.00001,0.00000,0.00000
48.20125,0.99750,1.00000,0.00000,0.00000,0.00000
48.30125,0.99750,1.00000,0.00000,0.00000,0.00000
48.40125,0.99750,1.00000,0.00000,0.00000,0.00000
48.50125,0.99750,1.00000,0.00000,0.00000,0.00000
48.60125,0.99750,1.00000,0.00000,0.00000,0.00000
48.70125,0.99750,0.99995,0.00000,0.00005,0.00000
48.80125,0.99750,0.99875,0.00000,0.00125,0.00000
48.90125,0.99750,0.98713,0.00000,0.01286,0.00001
49.00125,0.99750,0.66959,0.00000,0.33041,0.00000
49.10125,0.99750,0.11385,0.00000,0.88615,0.00000
49.20125,0.99750,0.02168,0.00000,0.97832,0.00000
49.30125,0.99750,0.01088,0.00000,0.98912,0.00000
49.40125,0.99750,0.05016,0.00000,0.94984,0.00000
49.50125,0.99750,0.49350,0.00000,0.50650,0.00000
49.60125,0.99750,0.97018,0.00000,0.02982,0.00000
49.70125,0.99750,0.99907,0.00000,0.00093,0.00000
49.80125,0.99750,0.99998,0.00001,0.00002,0.00000
49.90125,0.99750,0.99999,0.00001,0.00000,0.00000
50.00125,0.99750,1.00000,0.00000,0.00000,0.00000
50.10125,0.99750,1.00000,0.00000,0.00000,0.00000
50.20125,0.99750,1.00000,0.00000,0.00000,0.00000
50.30125,0.99750,1.00000,0.00000,0.00000,0.00000
50.40125,0.99750,0.99999,0.00000,0.00001,0.00000
50.50125,0.99750,0.99967,0.00000,0.00033,0.00000
50.60125,0.99750,0.98671,0.00000,0.01329,0.00000
50.70125,0.99750,0.80988,0.00000,0.19010,0.00002
50.80125,0.99750,0.12257,0.00000,0.87743,0.00000
50.90125,0.99750,0.00917,0.00000,0.99083,0.00000
51.00125,0.99750,0.00616,0.00000,0.99384,0.00000
51.10125,0.99750,0.00445,0.00000,0.99555,0.00000
51.20125,0.99750,0.01432,0.00000,0.98568,0.00000
51.30125,0.99750,0.18995,0.00000,0.81005,0.00000
51.40125,0.99750,0.85666,0.00000,0.14334,0.00000
51.50125,0.99750,0.99535,0.00000,0.00465,0.00000
51.60125,0.99750,0.99993,0.00002,0.00006,0.00000
51.70125,0.99750,0.99998,0.00002,0.00001,0.00000
51.80125,0.99750,1.00000,0.00000,0.00000,0.00000
51.90125,0.99750,1.00000,0.00000,0.00000,0.00000
52.00125,0.99750,1.00000,0.00000,0.00000,0.00000
52.10125,0.99750,1.00000,0.00000,0.00000,0.00000
52.20125,0.99750,0.99998,0.00000,0.00002,0.00000
52.30125,0.99750,0.99982,0.00000,0.00018,0.00000
52.40125,0.99750,0.99305,0.00000,0.00695,0.00000
52.50125,0.99750,0.94899,0.00000,0.05101,0.00000
52.60125,0.99750,0.26364,0.00000,0.73636,0.00000
52.70125,0.99750,0.01775,0.00000,0.98225,0.00000
52.80125,0.99750,0.00944,0.00000,0.99056,0.00000
52.90125,0.99750,0.02428,0.00000,0.97572,0.00000
53.00125,0.99750,0.41941,0.00000,0.58059,0.00000
53.10125,0.99750,0.94332,0.00000,0.05668,0.00000
53.20125,0.99750,0.99856,0.00000,0.00144,0.00000
53.30125,0.99750,0.99995,0.00001,0.00004,0.00000
53.40125,0.99750,0.99999,0.00000,0.00000,0.00000
53.50125,0.99750,0.99999,0.00001,0.00000,0.00000
53.60125,0.99750,0.99999,0.00001,0.00000,0.00000
53.70125,0.99750,0.99998,0.00001,0.00000,0.00000
53.80125,0.99750,1.00000,0.00000,0.00000,0.00000
53.90125,0.99750,0.99995,0.00000,0.00004,0.00000
54.00125,0.99750,0.99852,0.00000,0.00148,0.00000
54.10125,0.99750,0.97525,0.00000,0.02474,0.00000
54.20125,0.99750,0.71695,0.00000,0.28305,0.00000
54.30125,0.99750,0.05714,0.00000,0.94286,0.00000
54.40125,0.99750,0.00478,0.00000,0.99522,0.00000
54.50125,0.99750,0.00333,0.00000,0.99667,0.00000
54.60125,0.99750,0.01978,0.00000,0.98022,0.00000
54.70125,0.99750,0.26148,0.00000,0.73852,0.00000
54.80125,0.99750,0.89317,0.00000,0.10683,0.00000
54.90125,0.99750,0.99830,0.00001,0.00168,0.00000
55.00125,0.99750,0.99983,0.00000,0.00017,0.00000
55.10125,0.99750,0.99998,0.00001,0.00001,0.00000
55.20125,0.99750,1.00000,0.00000,0.00000,0.00000
55.30125,0.99750,1.00000,0.00000,0.00000,0.00000
55.40125,0.99750,1.00000,0.00000,0.00000,0.00000
55.50125,0.99750,1.00000,0.00000,0.00000,0.00000
55.60125,0.99750,1.00000,0.00000,0.00000,0.00000
55.70125,0.99750,0.99989,0.00000,0.00011,0.00000
55.80125,0.99750,0.99765,0.00000,0.00235,0.00000
55.90125,0.99750,0.99103,0.00000,0.00897,0.00000
56.00125,0.99750,0.89521,0.00000,0.10479,0.00000
56.10125,0.99750,0.25039,0.00000,0.74961,0.00000
56.20125,0.99750,0.04968,0.00000,0.95032,0.00000
56.30125,0.99750,0.04768,0.00000,0.95232,0.00000
56.40125,0.99750,0.22944,0.00000,0.77056,0.00000
56.50125,0.99750,0.83777,0.00000,0.16223,0.00000
56.60125,0.99750,0.99593,0.00000,0.00407,0.00000
56.70125,0.99750,0.99983,0.00007,0.00011,0.00000
56.80125,0.99750,0.99994,0.00004,0.00001,0.00000
56.90125,0.99750,0.99987,0.00012,0.00001,0.00000
57.00125,0.99750,0.99996,0.00003,0.00002,0.00000
57.10125,0.99750,0.99996,0.00002,0.00002,0.00000
57.20125,0.99750,0.99996,0.00002,0.00001,0.00000
57.30125,0.99750,0.99995,0.00001,0.00002,0.00001
57.40125,0.99750,0.99989,0.00002,0.00009,0.00000
57.50125,0.99750,0.99802,0.00000,0.00198,0.00000
57.60125,0.99750,0.98995,0.00000,0.01005,0.00000
57.70125,0.99750,0.84056,0.00000,0.15944,0.00000
57.80125,0.99750,0.21684,0.00000,0.78316,0.00000
57.90125,0.99750,0.03909,0.00000,0.96091,0.00000
58.00125,0.99750,0.03828,0.00000,0.96172,0.00000
58.10125,0.99750,0.35924,0.00000,0.64076,0.00000
58.20125,0.99750,0.89917,0.00000,0.10083,0.00000
58.30125,0.99750,0.99322,0.00000,0.00678,0.00000
58.40125,0.99750,0.99981,0.00000,0.00019,0.00000
58.50125,0.99750,0.99997,0.00001,0.00002,0.00000
58.60125,0.99750,0.99999,0.00000,0.00000,0.00000
58.70125,0.99750,0.99999,0.00001,0.00000,0.00000
58.80125,0.99750,0.99999,0.00001,0.00000,0.00000
58.90125,0.99750,0.99999,0.00001,0.00000,0.00000
59.00125,0.99750,0.99999,0.00000,0.00000,0.00000
59.10125,0.99750,0.99991,0.00002,0.00007,0.00000
59.20125,0.99750,0.99882,0.00000,0.00118,0.00000
59.30125,0.99750,0.99283,0.00000,0.00716,0.00000
59.40125,0.99750,0.87246,0.00000,0.12754,0.00000
59.50125,0.99750,0.15705,0.00000,0.84295,0.00000
59.60125,0.99750,0.02043,0.00000,0.97957,0.00000
59.70125,0.99750,0.01731,0.00000,0.98269,0.00000
59.80125,0.99750,0.08093,0.00000,0.91907,0.00000
59.90125,0.99750,0.33349,0.00000,0.66651,0.00000
60.00125,0.99750,0.80044,0.00000,0.19956,0.00000
60.10125,0.99750,0.98120,0.00000,0.01880,0.00000
60.20125,0.99750,0.99947,0.00000,0.00053,0.00000
60.30125,0.99750,0.99987,0.00000,0.00013,0.00000
60.40125,0.99750,0.99999,0.00000,0.00001,0.00000
60.50125,0.99750,1.00000,0.00000,0.00000,0.00000
60.60125,0.99750,1.00000,0.00000,0.00000,0.00000
60.70125,0.99750,1.00000,0.00000,0.00000,0.00000
60.80125,0.99750,0.99999,0.00000,0.00000,0.00001
60.90125,0.99750,1.00000,0.00000,0.00000,0.00000
61.00125,0.99750,1.00000,0.00000,0.00000,0.00000
61.10125,0.99750,1.00000,0.00000,0.00000,0.00000
61.20125,0.99750,1.00000,0.00000,0.00000,0.00000
61.30125,0.99750,1.00000,0.00000,0.00000,0.00000
61.40125,0.99750,1.00000,0.00000,0.00000,0.00000
61.50125,0.99750,1.00000,0.00000,0.00000,0.00000
61.60125,0.99750,1.00000,0.00000,0.00000,0.00000
61.70125,0.99750,1.00000,0.00000,0.00000,0.00000
61.80125,0.99750,1.00000,0.00000,0.00000,0.00000
61.90125,0.99750,1.00000,0.00000,0.00000,0.00000
62.00125,0.99750,1.00000,0.00000,0.00000,0.00000
62.10125,0.99750,1.00000,0.00000,0.00000,0.00000
62.20125,0.99750,1.00000,0.00000,0.00000,0.00000
62.30125,0.99750,1.00000,0.00000,0.00000,0.00000
62.40125,0.99750,0.99999,0.00000,0.00000,0.00001
62.50125,0.99750,0.99998,0.00000,0.00000,0.00002
62.60125,0.99750,0.99965,0.00000,0.00000,0.00035
62.70125,0.99750,0.99592,0.00000,0.00000,0.00408
62.80125,0.99750,0.93530,0.00000,0.00002,0.06467
62.90125,0.99750,0.38967,0.00000,0.00001,0.61032
63.00125,0.99750,0.04262,0.00000,0.00000,0.95738
63.10125,0.99750,0.27752,0.00000,0.00000,0.72248
63.20125,0.99751,0.99278,0.00000,0.00000,0.00722
63.30125,0.99750,0.99981,0.00000,0.00000,0.00019
63.40125,0.99750,1.00000,0.00000,0.00000,0.00000
63.50125,0.99750,1.00000,0.00000,0.00000,0.00000
63.60125,0.99750,1.00000,0.00000,0.00000,0.00000
63.70125,0.99751,1.00000,0.00000,0.00000,0.00000
63.80125,0.99750,1.00000,0.00000,0.00000,0.00000
63.90125,0.99750,1.00000,0.00000,0.00000,0.00000
64.00125,0.99750,1.00000,0.00000,0.00000,0.00000
64.10125,0.99750,0.99999,0.00000,0.00000,0.00000
64.20125,0.99751,0.99980,0.00000,0.00002,0.00019
64.30125,0.99751,0.99408,0.00000,0.00017,0.00575
64.40125,0.99750,0.93656,0.00000,0.00124,0.06220
64.50125,0.99750,0.33220,0.00000,0.00186,0.66594
64.60125,0.99750,0.11574,0.00000,0.00033,0.88393
64.70125,0.99751,0.78889,0.00000,0.00011,0.21099
64.80125,0.99751,0.99846,0.00000,0.00000,0.00153
64.90125,0.99750,0.99993,0.00000,0.00000,0.00007
65.00125,0.99750,1.00000,0.00000,0.00000,0.00000
65.10125,0.99750,1.00000,0.00000,0.00000,0.00000
65.20125,0.99751,1.00000,0.00000,0.00000,0.00000
65.30125,0.99751,1.00000,0.00000,0.00000,0.00000
65.40125,0.99750,1.00000,0.00000,0.00000,0.00000
65.50125,0.99750,1.00000,0.00000,0.00000,0.00000
65.60125,0.99750,1.00000,0.00000,0.00000,0.00000
65.70125,0.99751,1.00000,0.00000,0.00000,0.00000
65.80125,0.99751,1.00000,0.00000,0.00000,0.00000
65.90125,0.99750,0.99981,0.00000,0.00000,0.00019
66.00125,0.99750,0.99759,0.00000,0.00000,0.00241
66.10125,0.99750,0.97046,0.00000,0.00004,0.02951
66.20125,0.99751,0.61628,0.00000,0.00029,0.38343
66.30125,0.99751,0.06114,0.00000,0.00021,0.93865
66.40125,0.99750,0.03763,0.00000,0.00004,0.96233
66.50125,0.99750,0.11132,0.00000,0.00001,0.88867
66.60125,0.99750,0.54314,0.00000,0.00000,0.45686
66.70125,0.99751,0.98891,0.00000,0.00000,0.01109
66.80125,0.99751,0.99971,0.00000,0.00000,0.00029
66.90125,0.99750,1.00000,0.00000,0.00000,0.00000
67.00125,0.99750,1.00000,0.00000,0.00000,0.00000
67.10125,0.99750,1.00000,0.00000,0.00000,0.00000
67.20125,0.99751,1.00000,0.00000,0.00000,0.00000
67.30125,0.99751,1.00000,0.00000,0.00000,0.00000
67.40125,0.99750,1.00000,0.00000,0.00000,0.00000
67.50125,0.99750,1.00000,0.00000,0.00000,0.00000
67.60125,0.99750,1.00000,0.00000,0.00000,0.00000
67.70125,0.99751,0.99997,0.00000,0.00000,0.00003
67.80125,0.99751,0.99884,0.00000,0.00008,0.00108
67.90125,0.99750,0.55045,0.00000,0.00040,0.44916
68.00125,0.99750,0.14803,0.00000,0.00024,0.85173
68.10125,0.99750,0.04405,0.00000,0.00006,0.95589
68.20125,0.99751,0.09665,0.00000,0.00002,0.90333
68.30125,0.99751,0.71565,0.00000,0.00000,0.28434
68.40125,0.99750,0.96031,0.00000,0.00000,0.03969
68.50125,0.99750,0.99917,0.00000,0.00000,0.00083
68.60125,0.99750,1.00000,0.00000,0.00000,0.00000
68.70125,0.99751,1.00000,0.00000,0.00000,0.00000
68.80125,0.99751,1.00000,0.00000,0.00000,0.00000
68.90125,0.99750,1.00000,0.00000,0.00000,0.00000
69.00125,0.99750,1.00000,0.00000,0.00000,0.00000
69.10125,0.99750,1.00000,0.00000,0.00000,0.00000
69.20125,0.99751,1.00000,0.00000,0.00000,0.00000
69.30125,0.99751,1.00000,0.00000,0.00000,0.00000
69.40125,0.99750,0.99999,0.00000,0.00000,0.00001
69.50125,0.99750,0.99909,0.00000,0.00001,0.00090
69.60125,0.99750,0.97206,0.00000,0.00025,0.02769
69.70125,0.99751,0.59656,0.00000,0.00095,0.40249
69.80125,0.99751,0.15113,0.00000,0.00121,0.84766
69.90125,0.99750,0.02255,0.00000,0.00013,0.97732
70.00125,0.99750,0.06250,0.00000,0.00003,0.93747
70.10125,0.99750,0.59531,0.00000,0.00002,0.40467
70.20125,0.99751,0.92038,0.00000,0.00000,0.07962
70.30125,0.99751,0.99737,0.00000,0.00000,0.00263
70.40125,0.99750,0.99982,0.00000,0.00000,0.00018
70.50125,0.99750,0.99992,0.00000,0.00000,0.00008
70.60125,0.99750,0.99999,0.00000,0.00000,0.00001
70.70125,0.99751,1.00000,0.00000,0.00000,0.00000
70.80125,0.99751,1.00000,0.00000,0.00000,0.00000
70.90125,0.99750,0.99999,0.00000,0.00000,0.00001
71.00125,0.99750,0.99998,0.00000,0.00000,0.00002
71.10125,0.99750,0.99983,0.00000,0.00000,0.00016
71.20125,0.99751,0.99942,0.00000,0.00003,0.00055
71.30125,0.99751,0.99596,0.00000,0.00016,0.00388
71.40125,0.99750,0.94867,0.00000,0.00162,0.04972
71.50125,0.99750,0.80570,0.00000,0.00745,0.18686
71.60125,0.99750,0.62015,0.00000,0.01290,0.36695
71.70125,0.99751,0.34894,0.00000,0.00578,0.64528
71.80125,0.99751,0.94827,0.00000,0.00095,0.05077
71.90125,0.99750,0.99941,0.00000,0.00004,0.00056
72.00125,0.99750,0.99999,0.00000,0.00000,0.00001
72.10125,0.99750,1.00000,0.00000,0.00000,0.00000
72.20125,0.99751,1.00000,0.00000,0.00000,0.00000
72.30125,0.99751,1.00000,0.00000,0.00000,0.00000
72.40125,0.99750,1.00000,0.00000,0.00000,0.00000
72.50125,0.99750,1.00000,0.00000,0.00000,0.00000
72.60125,0.99750,1.00000,0.00000,0.00000,0.00000
72.70125,0.99751,1.00000,0.00000,0.00000,0.00000
72.80125,0.99751,0.99997,0.00000,0.00001,0.00001
72.90125,0.99750,0.99886,0.00000,0.00000,0.00113
73.00125,0.99750,0.98538,0.00000,0.00001,0.01460
73.10125,0.99750,0.73228,0.00003,0.00043,0.26725
73.20125,0.99751,0.09224,0.00000,0.00035,0.90740
73.30125,0.99751,0.10953,0.00000,0.00022,0.89024
73.40125,0.99750,0.06713,0.00000,0.00006,0.93281
73.50125,0.99750,0.15438,0.00000,0.00002,0.84559
73.60125,0.99750,0.30545,0.00000,0.00001,0.69454
73.70125,0.99751,0.61352,0.00000,0.00000,0.38648
73.80125,0.99751,0.88318,0.00000,0.00000,0.11682
73.90125,0.99750,0.96333,0.00000,0.00000,0.03667
74.00125,0.99750,0.99785,0.00000,0.00000,0.00215
74.10125,0.99750,0.99894,0.00000,0.00000,0.00106
74.20125,0.99751,0.99973,0.00000,0.00000,0.00027
74.30125,0.99751,0.99979,0.00000,0.00000,0.00021
74.40125,0.99750,0.99984,0.00000,0.00000,0.00016
74.50125,0.99750,0.99880,0.00000,0.00000,0.00119
74.60125,0.99750,0.99625,0.00000,0.00001,0.00373
74.70125,0.99751,0.97718,0.00000,0.00008,0.02274
74.80125,0.99751,0.90537,0.00002,0.00062,0.09398
74.90125,0.99750,0.68333,0.00004,0.00631,0.31032
75.00125,0.99750,0.20606,0.00000,0.01588,0.77805
75.10125,0.99750,0.13012,0.00000,0.01079,0.85909
75.20125,0.99751,0.16299,0.00000,0.00639,0.83061
75.30125,0.99751,0.17597,0.00000,0.00209,0.82194
75.40125,0.99750,0.36943,0.00000,0.00025,0.63032
75.50125,0.99750,0.64483,0.00000,0.00005,0.35512
75.60125,0.99750,0.92896,0.00000,0.00001,0.07103
75.70125,0.99751,0.95764,0.00000,0.00000,0.04235
75.80125,0.99751,0.99955,0.00000,0.00000,0.00045
75.90125,0.99750,0.99985,0.00000,0.00000,0.00016
76.00125,0.99750,0.99997,0.00000,0.00000,0.00003
76.10125,0.99750,0.99997,0.00000,0.00000,0.00003
76.20125,0.99751,0.99996,0.00000,0.00000,0.00004
76.30125,0.99751,0.99980,0.00000,0.00000,0.00020
76.40125,0.99750,0.99046,0.00000,0.00002,0.00952
76.50125,0.99750,0.97567,0.00000,0.00018,0.02415
76.60125,0.99750,0.99253,0.00000,0.00097,0.00649
76.70125,0.99751,0.94900,0.00000,0.00660,0.04439
76.80125,0.99751,0.53236,0.00001,0.06073,0.40691
76.90125,0.99750,0.08161,0.00001,0.02339,0.89499
77.00125,0.99750,0.10546,0.00000,0.00311,0.89143
77.10125,0.99750,0.95519,0.00001,0.00095,0.04385
77.20125,0.99751,0.99416,0.00000,0.00013,0.00571
77.30125,0.99751,0.99857,0.00000,0.00001,0.00142
77.40125,0.99750,0.99996,0.00000,0.00000,0.00004
77.50125,0.99750,1.00000,0.00000,0.00000,0.00000
77.60125,0.99750,1.00000,0.00000,0.00000,0.00000
77.70125,0.99751,1.00000,0.00000,0.00000,0.00000
77.80125,0.99751,1.00000,0.00000,0.00000,0.00000
77.90125,0.99750,1.00000,0.00000,0.00000,0.00000
78.00125,0.99750,1.00000,0.00000,0.00000,0.00000
78.10125,0.99750,0.99994,0.00000,0.00000,0.00006
78.20125,0.99751,0.99997,0.00000,0.00000,0.00003
78.30125,0.99751,0.99935,0.00000,0.00001,0.00063
78.40125,0.99750,0.93147,0.00000,0.00026,0.06827
78.50125,0.99750,0.53694,0.00000,0.00110,0.46196
78.60125,0.99750,0.04903,0.00000,0.00021,0.95076
78.70125,0.99751,0.15242,0.00000,0.00008,0.84749
78.80125,0.99751,0.92936,0.00000,0.00004,0.07060
78.90125,0.99750,0.98988,0.00000,0.00000,0.01012
79.00125,0.99750,0.99905,0.00000,0.00000,0.00095
79.10125,0.99750,1.00000,0.00000,0.00000,0.00000
79.20125,0.99751,1.00000,0.00000,0.00000,0.00000
79.30125,0.99751,1.00000,0.00000,0.00000,0.00000
79.40125,0.99750,1.00000,0.00000,0.00000,0.00000
79.50125,0.99750,1.00000,0.00000,0.00000,0.00000
79.60125,0.99750,1.00000,0.00000,0.00000,0.00000
79.70125,0.99751,0.99995,0.00000,0.00000,0.00005
79.80125,0.99751,0.99936,0.00000,0.00001,0.00063
79.90125,0.99750,0.99746,0.00000,0.00009,0.00246
80.00125,0.99750,0.89170,0.00000,0.00049,0.10780
80.10125,0.99750,0.14071,0.00000,0.00062,0.85867
80.20125,0.99751,0.02423,0.00000,0.00013,0.97563
80.30125,0.99751,0.18640,0.00000,0.00009,0.81351
80.40125,0.99750,0.69174,0.00000,0.00002,0.30824
80.50125,0.99750,0.97381,0.00000,0.00000,0.02619
80.60125,0.99750,0.99848,0.00000,0.00000,0.00152
80.70125,0.99751,0.99997,0.00000,0.00000,0.00003
80.80125,0.99751,1.00000,0.00000,0.00000,0.00000
80.90125,0.99750,1.00000,0.00000,0.00000,0.00000
81.00125,0.99750,1.00000,0.00000,0.00000,0.00000
81.10125,0.99750,1.00000,0.00000,0.00000,0.00000
81.20125,0.99751,1.00000,0.00000,0.00000,0.00000
81.30125,0.99751,1.00000,0.00000,0.00000,0.00000
81.40125,0.99750,1.00000,0.00000,0.00000,0.00000
81.50125,0.99750,1.00000,0.00000,0.00000,0.00000
81.60125,0.99750,0.99997,0.00000,0.00001,0.00002
81.70125,0.99751,0.99910,0.00000,0.00017,0.00073
81.80125,0.99751,0.89934,0.00000,0.00172,0.09895
81.90125,0.99750,0.19715,0.00000,0.00281,0.80004
82.00125,0.99750,0.02456,0.00000,0.00112,0.97432
82.10125,0.99750,0.13944,0.00000,0.00052,0.86004
82.20125,0.99751,0.80122,0.00000,0.00019,0.19858
82.30125,0.99751,0.95950,0.00000,0.00002,0.04049
82.40125,0.99750,0.99411,0.00000,0.00000,0.00589
82.50125,0.99750,0.99986,0.00000,0.00000,0.00014
82.60125,0.99750,0.99976,0.00000,0.00000,0.00024
82.70125,0.99751,0.99995,0.00000,0.00000,0.00005
82.80125,0.99751,0.99994,0.00000,0.00000,0.00006
82.90125,0.99750,0.99994,0.00000,0.00000,0.00006
83.00125,0.99750,0.99983,0.00000,0.00000,0.00017
83.10125,0.99750,0.97614,0.00000,0.00005,0.02381
83.20125,0.99751,0.91557,0.00000,0.00074,0.08369
83.30125,0.99751,0.60552,0.00000,0.00189,0.39259
83.40125,0.99750,0.04835,0.00000,0.00085,0.95080
83.50125,0.99750,0.02765,0.00000,0.00032,0.97203
83.60125,0.99750,0.09832,0.00000,0.00010,0.90158
83.70125,0.99751,0.35544,0.00000,0.00002,0.64454
83.80125,0.99751,0.83992,0.00000,0.00000,0.16008
83.90125,0.99750,0.98212,0.00000,0.00000,0.01788
84.00125,0.99750,0.99972,0.00000,0.00000,0.00028
84.10125,0.99750,0.99992,0.00000,0.00000,0.00008
84.20125,0.99751,0.99999,0.00000,0.00000,0.00001
84.30125,0.99751,0.99997,0.00000,0.00000,0.00003
84.40125,0.99750,0.99999,0.00000,0.00000,0.00001
84.50125,0.99750,0.99994,0.00000,0.00000,0.00006
84.60125,0.99750,0.99834,0.00000,0.00000,0.00165
84.70125,0.99751,0.99326,0.00000,0.00009,0.00665
84.80125,0.99751,0.98777,0.00000,0.00048,0.01175
84.90125,0.99750,0.95416,0.00000,0.00128,0.04456
85.00125,0.99750,0.31271,0.00000,0.00305,0.68424
85.10125,0.99750,0.26804,0.00000,0.00079,0.73117
85.20125,0.99751,0.92563,0.00000,0.00021,0.07415
85.30125,0.99751,0.98257,0.00000,0.00003,0.01740
85.40125,0.99750,0.99627,0.00000,0.00000,0.00372
85.50125,0.99750,0.99906,0.00000,0.00000,0.00094
85.60125,0.99750,0.99999,0.00000,0.00000,0.00001
85.70125,0.99751,0.99998,0.00000,0.00000,0.00002
85.80125,0.99751,1.00000,0.00000,0.00000,0.00000
85.90125,0.99750,0.99999,0.00000,0.00000,0.00001
86.00125,0.99750,0.99997,0.00000,0.00000,0.00003
86.10125,0.99750,0.99927,0.00000,0.00000,0.00073
86.20125,0.99751,0.98516,0.00000,0.00000,0.01484
86.30125,0.99751,0.97103,0.00000,0.00002,0.02895
86.40125,0.99750,0.63390,0.00000,0.00014,0.36596
86.50125,0.99750,0.42423,0.00000,0.00022,0.57555
86.60125,0.99750,0.18231,0.00000,0.00029,0.81740
86.70125,0.99751,0.12127,0.00000,0.00004,0.87868
86.80125,0.99751,0.83776,0.00000,0.00001,0.16223
86.90125,0.99750,0.98222,0.00000,0.00000,0.01778
87.00125,0.99750,0.99742,0.00000,0.00000,0.00258
87.10125,0.99750,0.99995,0.00000,0.00000,0.00005
87.20125,0.99751,1.00000,0.00000,0.00000,0.00000
87.30125,0.99751,1.00000,0.00000,0.00000,0.00000
87.40125,0.99750,1.00000,0.00000,0.00000,0.00000
87.50125,0.99750,1.00000,0.00000,0.00000,0.00000
87.60125,0.99750,1.00000,0.00000,0.00000,0.00000
87.70125,0.99751,1.00000,0.00000,0.00000,0.00000
87.80125,0.99751,0.99995,0.00000,0.00000,0.00005
87.90125,0.99750,0.99996,0.00000,0.00000,0.00004
88.00125,0.99750,0.99876,0.00000,0.00000,0.00124
88.10125,0.99750,0.89607,0.00000,0.00004,0.10390
88.20125,0.99751,0.74277,0.00000,0.00015,0.25707
88.30125,0.99751,0.07831,0.00000,0.00012,0.92157
88.40125,0.99750,0.04490,0.00000,0.00007,0.95503
88.50125,0.99750,0.11821,0.00000,0.00002,0.88176
88.60125,0.99750,0.32691,0.00000,0.00001,0.67308
88.70125,0.99751,0.75978,0.00000,0.00000,0.24022
88.80125,0.99751,0.94353,0.00000,0.00000,0.05647
88.90125,0.99750,0.99880,0.00000,0.00000,0.00120
89.00125,0.99750,0.99938,0.00000,0.00000,0.00062
89.10125,0.99750,0.99976,0.00000,0.00000,0.00024
89.20125,0.99751,0.99989,0.00000,0.00000,0.00011
89.30125,0.99751,0.99997,0.00000,0.00000,0.00003
89.40125,0.99750,0.99991,0.00000,0.00000,0.00009
89.50125,0.99750,0.99723,0.00000,0.00000,0.00277
89.60125,0.99750,0.99286,0.00000,0.00000,0.00714
89.70125,0.99751,0.98201,0.00000,0.00002,0.01798
89.80125,0.99751,0.71084,0.00000,0.00006,0.28910
89.90125,0.99750,0.08631,0.00000,0.00006,0.91364
90.00125,0.99750,0.00803,0.00000,0.00001,0.99196
90.10125,0.99750,0.03287,0.00000,0.00000,0.96712
90.20125,0.99751,0.29221,0.00000,0.00000,0.70778
90.30125,0.99751,0.45227,0.00000,0.00000,0.54773
90.40125,0.99750,0.89049,0.00000,0.00000,0.10951
90.50125,0.99750,0.99035,0.00000,0.00000,0.00965
90.60125,0.99750,0.99981,0.00000,0.00000,0.00019
90.70125,0.99751,0.99996,0.00000,0.00000,0.00004
90.80125,0.99751,0.99996,0.00000,0.00000,0.00004
90.90125,0.99750,1.00000,0.00000,0.00000,0.00000
91.00125,0.99750,0.99998,0.00000,0.00000,0.00002
91.10125,0.99750,0.99992,0.00000,0.00000,0.00008
91.20125,0.99751,0.99917,0.00000,0.00000,0.00083
91.30125,0.99751,0.99965,0.00000,0.00000,0.00035
91.40125,0.99750,0.98430,0.00000,0.00005,0.01565
91.50125,0.99750,0.86398,0.00000,0.00028,0.13574
91.60125,0.99750,0.45308,0.00000,0.00046,0.54646
91.70125,0.99751,0.16316,0.00000,0.00010,0.83674
91.80125,0.99751,0.42819,0.00000,0.00002,0.57179
91.90125,0.99750,0.92019,0.00000,0.00000,0.07981
92.00125,0.99750,0.98569,0.00000,0.00000,0.01431
92.10125,0.99750,0.99926,0.00000,0.00000,0.00074
92.20125,0.99751,0.99997,0.00000,0.00000,0.00003
92.30125,0.99751,0.99999,0.00000,0.00000,0.00001
92.40125,0.99750,1.00000,0.00000,0.00000,0.00000
92.50125,0.99750,1.00000,0.00000,0.00000,0.00000
92.60125,0.99750,0.99999,0.00000,0.00000,0.00001
92.70125,0.99751,0.99994,0.00000,0.00000,0.00006
92.80125,0.99751,0.99904,0.00000,0.00000,0.00095
92.90125,0.99750,0.99848,0.00000,0.00004,0.00148
93.00125,0.99750,0.99671,0.00000,0.00054,0.00276
93.10125,0.99750,0.82172,0.00000,0.00216,0.17612
93.20125,0.99751,0.21759,0.00000,0.00263,0.77978
93.30125,0.99751,0.03030,0.00000,0.00056,0.96914
93.40125,0.99750,0.06049,0.00000,0.00011,0.93939
93.50125,0.99750,0.46501,0.00000,0.00005,0.53494
93.60125,0.99750,0.92011,0.00000,0.00001,0.07988
93.70125,0.99751,0.99265,0.00000,0.00000,0.00735
93.80125,0.99751,0.99994,0.00000,0.00000,0.00006
93.90125,0.99750,1.00000,0.00000,0.00000,0.00000
94.00125,0.99750,1.00000,0.00000,0.00000,0.00000
94.10125,0.99750,1.00000,0.00000,0.00000,0.00000
94.20125,0.99751,1.00000,0.00000,0.00000,0.00000
94.30125,0.99751,1.00000,0.00000,0.00000,0.00000
94.40125,0.99750,1.00000,0.00000,0.00000,0.00000
94.50125,0.99750,0.99996,0.00000,0.00000,0.00003
94.60125,0.99750,0.99996,0.00000,0.00001,0.00004
94.70125,0.99751,0.99658,0.00000,0.00031,0.00310
94.80125,0.99751,0.66287,0.00000,0.00429,0.33284
94.90125,0.99750,0.11527,0.00000,0.00223,0.88250
95.00125,0.99750,0.01180,0.00000,0.00039,0.98781
95.10125,0.99750,0.07141,0.00000,0.00016,0.92842
95.20125,0.99751,0.88973,0.00000,0.00007,0.11020
95.30125,0.99751,0.97975,0.00000,0.00001,0.02025
95.40125,0.99750,0.99574,0.00000,0.00000,0.00426
95.50125,0.99750,0.99957,0.00000,0.00000,0.00043
95.60125,0.99750,1.00000,0.00000,0.00000,0.00000
95.70125,0.99751,1.00000,0.00000,0.00000,0.00000
95.80125,0.99751,1.00000,0.00000,0.00000,0.00000
95.90125,0.99750,1.00000,0.00000,0.00000,0.00000
96.00125,0.99750,1.00000,0.00000,0.00000,0.00000
96.10125,0.99750,1.00000,0.00000,0.00000,0.00000
96.20125,0.99751,0.99997,0.00000,0.00000,0.00003
96.30125,0.99751,0.99998,0.00000,0.00000,0.00002
96.40125,0.99750,0.99973,0.00000,0.00003,0.00024
96.50125,0.99750,0.97057,0.00000,0.00036,0.02907
96.60125,0.99750,0.86569,0.00000,0.00046,0.13386
96.70125,0.99751,0.06650,0.00000,0.00023,0.93327
96.80125,0.99751,0.18878,0.00000,0.00009,0.81113
96.90125,0.99750,0.50011,0.00000,0.00002,0.49987
97.00125,0.99750,0.95577,0.00000,0.00000,0.04423
97.10125,0.99750,0.99912,0.00000,0.00000,0.00088
97.20125,0.99751,0.99998,0.00000,0.00000,0.00002
97.30125,0.99751,1.00000,0.00000,0.00000,0.00000
97.40125,0.99750,1.00000,0.00000,0.00000,0.00000
97.50125,0.99750,1.00000,0.00000,0.00000,0.00000
97.60125,0.99750,1.00000,0.00000,0.00000,0.00000
97.70125,0.99751,1.00000,0.00000,0.00000,0.00000
97.80125,0.99751,1.00000,0.00000,0.00000,0.00000
97.90125,0.99750,1.00000,0.00000,0.00000,0.00000
98.00125,0.99750,1.00000,0.00000,0.00000,0.00000
98.10125,0.99750,0.99995,0.00000,0.00000,0.00005
98.20125,0.99751,0.99177,0.00000,0.00009,0.00815
98.30125,0.99751,0.64719,0.00000,0.00192,0.35089
98.40125,0.99750,0.07428,0.00000,0.00155,0.92417
98.50125,0.99750,0.00396,0.00000,0.00042,0.99561
98.60125,0.99750,0.00844,0.00000,0.00012,0.99145
98.70125,0.99751,0.02368,0.00000,0.00002,0.97630
98.80125,0.99751,0.12397,0.00000,0.00001,0.87602
98.90125,0.99750,0.35736,0.00000,0.00000,0.64264
99.00125,0.99750,0.98692,0.00000,0.00000,0.01308
99.10125,0.99750,0.99943,0.00000,0.00000,0.00057
99.20125,0.99751,0.99999,0.00000,0.00000,0.00001
99.30125,0.99751,1.00000,0.00000,0.00000,0.00000
99.40125,0.99750,1.00000,0.00000,0.00000,0.00000
99.50125,0.99750,1.00000,0.00000,0.00000,0.00000
99.60125,0.99750,1.00000,0.00000,0.00000,0.00000
99.70125,0.99751,1.00000,0.00000,0.00000,0.00000
99.80125,0.99751,1.00000,0.00000,0.00000,0.00000
99.90125,0.99750,0.99999,0.00000,0.00000,0.00000
100.00125,0.99750,0.99980,0.00000,0.00008,0.00013
100.10125,0.99750,0.99620,0.00000,0.00080,0.00300
100.20125,0.99751,0.83785,0.00000,0.00437,0.15777
100.30125,0.99751,0.08262,0.00000,0.00285,0.91452
100.40125,0.99750,0.12671,0.00000,0.00073,0.87256
100.50125,0.99750,0.46217,0.00000,0.00045,0.53738
100.60125,0.99750,0.75655,0.00000,0.00007,0.24338
100.70125,0.99751,0.99498,0.00000,0.00000,0.00501
100.80125,0.99751,0.99977,0.00000,0.00000,0.00023
100.90125,0.99750,1.00000,0.00000,0.00000,0.00000
101.00125,0.99750,1.00000,0.00000,0.00000,0.00000
101.10125,0.99750,1.00000,0.00000,0.00000,0.00000
101.20125,0.99751,1.00000,0.00000,0.00000,0.00000
101.30125,0.99751,1.00000,0.00000,0.00000,0.00000
101.40125,0.99750,1.00000,0.00000,0.00000,0.00000
101.50125,0.99750,1.00000,0.00000,0.00000,0.00000
101.60125,0.99750,1.00000,0.00000,0.00000,0.00000
101.70125,0.99751,0.99979,0.00000,0.00000,0.00021
101.80125,0.99751,0.99573,0.00000,0.00007,0.00420
101.90125,0.99750,0.76152,0.00000,0.00042,0.23806
102.00125,0.99750,0.09952,0.00000,0.00020,0.90029
102.10125,0.99750,0.03974,0.00000,0.00006,0.96021
102.20125,0.99751,0.19441,0.00000,0.00002,0.80557
102.30125,0.99751,0.47069,0.00000,0.00001,0.52930
102.40125,0.99750,0.62695,0.00000,0.00000,0.37305
102.50125,0.99750,0.97939,0.00000,0.00000,0.02061
102.60125,0.99750,0.99974,0.00000,0.00000,0.00026
102.70125,0.99751,1.00000,0.00000,0.00000,0.00000
102.80125,0.99751,1.00000,0.00000,0.00000,0.00000
102.90125,0.99750,1.00000,0.00000,0.00000,0.00000
103.00125,0.99750,1.00000,0.00000,0.00000,0.00000
103.10125,0.99750,1.00000,0.00000,0.00000,0.00000
103.20125,0.99751,1.00000,0.00000,0.00000,0.00000
103.30125,0.99751,1.00000,0.00000,0.00000,0.00000
103.40125,0.99750,0.99999,0.00000,0.00000,0.00001
103.50125,0.99750,0.99984,0.00000,0.00007,0.00008
103.60125,0.99750,0.99601,0.00000,0.00047,0.00351
103.70125,0.99751,0.52424,0.00000,0.00278,0.47298
103.80125,0.99751,0.03247,0.00000,0.00081,0.96673
103.90125,0.99750,0.01695,0.00000,0.00018,0.98287
104.00125,0.99750,0.21419,0.00000,0.00016,0.78565
104.10125,0.99750,0.96038,0.00000,0.00002,0.03960
104.20125,0.99751,0.99858,0.00000,0.00000,0.00141
104.30125,0.99751,0.99995,0.00000,0.00000,0.00005
104.40125,0.99750,1.00000,0.00000,0.00000,0.00000
104.50125,0.99750,1.00000,0.00000,0.00000,0.00000
104.60125,0.99750,1.00000,0.00000,0.00000,0.00000
104.70125,0.99751,1.00000,0.00000,0.00000,0.00000
104.80125,0.99751,1.00000,0.00000,0.00000,0.00000
104.90125,0.99750,1.00000,0.00000,0.00000,0.00000
105.00125,0.99750,1.00000,0.00000,0.00000,0.00000
105.10125,0.99750,0.99993,0.00000,0.00000,0.00007
105.20125,0.99751,0.99897,0.00000,0.00000,0.00103
105.30125,0.99751,0.96251,0.00000,0.00004,0.03746
105.40125,0.99750,0.56742,0.00000,0.00017,0.43241
105.50125,0.99750,0.10838,0.00000,0.00012,0.89150
105.60125,0.99750,0.02374,0.00000,0.00006,0.97621
105.70125,0.99751,0.06087,0.00000,0.00004,0.93909
105.80125,0.99751,0.46164,0.00000,0.00002,0.53834
105.90125,0.99750,0.71484,0.00000,0.00001,0.28515
106.00125,0.99750,0.97805,0.00000,0.00000,0.02195
106.10125,0.99750,0.99252,0.00000,0.00000,0.00748
106.20125,0.99751,0.99998,0.00000,0.00000,0.00002
106.30125,0.99751,1.00000,0.00000,0.00000,0.00000
106.40125,0.99750,1.00000,0.00000,0.00000,0.00000
106.50125,0.99750,1.00000,0.00000,0.00000,0.00000
106.60125,0.99750,1.00000,0.00000,0.00000,0.00000
106.70125,0.99751,1.00000,0.00000,0.00000,0.00000
106.80125,0.99751,0.99987,0.00000,0.00000,0.00013
106.90125,0.99750,0.99983,0.00000,0.00000,0.00017
107.00125,0.99750,0.99461,0.00000,0.00001,0.00538
107.10125,0.99750,0.98779,0.00000,0.00005,0.01217
107.20125,0.99751,0.14706,0.00000,0.00007,0.85287
107.30125,0.99751,0.08110,0.00000,0.00003,0.91887
107.40125,0.99750,0.05353,0.00000,0.00001,0.94646
107.50125,0.99750,0.32487,0.00000,0.00002,0.67511
107.60125,0.99750,0.54843,0.00000,0.00000,0.45156
107.70125,0.99751,0.99329,0.00000,0.00000,0.00671
107.80125,0.99751,0.99990,0.00000,0.00000,0.00010
107.90125,0.99750,1.00000,0.00000,0.00000,0.00000
108.00125,0.99750,1.00000,0.00000,0.00000,0.00000
108.10125,0.99750,1.00000,0.00000,0.00000,0.00000
108.20125,0.99751,1.00000,0.00000,0.00000,0.00000
108.30125,0.99751,1.00000,0.00000,0.00000,0.00000
108.40125,0.99750,1.00000,0.00000,0.00000,0.00000
108.50125,0.99750,1.00000,0.00000,0.00000,0.00000
108.60125,0.99750,1.00000,0.00000,0.00000,0.00000
108.70125,0.99751,0.99960,0.00000,0.00000,0.00040
108.80125,0.99751,0.97402,0.00000,0.00004,0.02595
108.90125,0.99750,0.56427,0.00000,0.00018,0.43555
109.00125,0.99750,0.16569,0.00000,0.00033,0.83398
109.10125,0.99750,0.01371,0.00000,0.00006,0.98623
109.20125,0.99751,0.03074,0.00000,0.00004,0.96922
109.30125,0.99751,0.07420,0.00000,0.00001,0.92579
109.40125,0.99750,0.13906,0.00000,0.00000,0.86094
109.50125,0.99750,0.65974,0.00000,0.00000,0.34026
109.60125,0.99750,0.99287,0.00000,0.00000,0.00713
109.70125,0.99751,0.99991,0.00000,0.00000,0.00009
109.80125,0.99751,0.99992,0.00000,0.00000,0.00008
109.90125,0.99750,0.99999,0.00000,0.00000,0.00001
110.00125,0.99750,1.00000,0.00000,0.00000,0.00000
110.10125,0.99750,0.99999,0.00000,0.00000,0.00001
110.20125,0.99751,1.00000,0.00000,0.00000,0.00000
110.30125,0.99751,0.99993,0.00000,0.00000,0.00007
110.40125,0.99750,0.99995,0.00000,0.00000,0.00005
110.50125,0.99750,0.99830,0.00000,0.00004,0.00166
110.60125,0.99750,0.94760,0.00000,0.00032,0.05208
110.70125,0.99751,0.27663,0.00000,0.00098,0.72239
110.80125,0.99751,0.02861,0.00000,0.00042,0.97097
110.90125,0.99750,0.02095,0.00000,0.00008,0.97897
111.00125,0.99750,0.08444,0.00000,0.00005,0.91552
111.10125,0.99750,0.37868,0.00000,0.00002,0.62129
111.20125,0.99751,0.95532,0.00000,0.00000,0.04468
111.30125,0.99751,0.99692,0.00000,0.00000,0.00307
111.40125,0.99750,0.99999,0.00000,0.00000,0.00001
111.50125,0.99750,0.99999,0.00000,0.00000,0.00001
111.60125,0.99750,1.00000,0.00000,0.00000,0.00000
111.70125,0.99751,0.99999,0.00000,0.00000,0.00001
111.80125,0.99751,1.00000,0.00000,0.00000,0.00000
111.90125,0.99750,0.99999,0.00000,0.00000,0.00001
112.00125,0.99750,0.99999,0.00000,0.00000,0.00001
112.10125,0.99750,0.99996,0.00000,0.00000,0.00004
112.20125,0.99751,0.99960,0.00000,0.00000,0.00040
112.30125,0.99751,0.99617,0.00000,0.00000,0.00383
112.40125,0.99750,0.57882,0.00000,0.00000,0.42117
112.50125,0.99750,0.03906,0.00000,0.00000,0.96093
112.60125,0.99750,0.00750,0.00000,0.00000,0.99249
112.70125,0.99751,0.02769,0.00000,0.00000,0.97231
112.80125,0.99751,0.27789,0.00000,0.00000,0.72211
112.90125,0.99750,0.58590,0.00000,0.00000,0.41410
113.00125,0.99750,0.83356,0.00000,0.00000,0.16644
113.10125,0.99750,0.99509,0.00000,0.00000,0.00491
113.20125,0.99751,0.99996,0.00000,0.00000,0.00004
113.30125,0.99751,1.00000,0.00000,0.00000,0.00000
113.40125,0.99750,0.99999,0.00000,0.00000,0.00001
113.50125,0.99750,1.00000,0.00000,0.00000,0.00000
113.60125,0.99750,1.00000,0.00000,0.00000,0.00000
113.70125,0.99751,1.00000,0.00000,0.00000,0.00000
113.80125,0.99751,1.00000,0.00000,0.00000,0.00000
113.90125,0.99750,0.99997,0.00000,0.00000,0.00003
114.00125,0.99750,0.99996,0.00000,0.00000,0.00004
114.10125,0.99750,0.99919,0.00000,0.00005,0.00076
114.20125,0.99751,0.86561,0.00000,0.00061,0.13378
114.30125,0.99751,0.06733,0.00000,0.00040,0.93227
114.40125,0.99750,0.04180,0.00000,0.00007,0.95813
114.50125,0.99750,0.26714,0.00000,0.00004,0.73282
114.60125,0.99750,0.50583,0.00000,0.00001,0.49416
114.70125,0.99751,0.93248,0.00000,0.00000,0.06752
114.80125,0.99751,0.99844,0.00000,0.00000,0.00156
114.90125,0.99750,1.00000,0.00000,0.00000,0.00000
115.00125,0.99750,1.00000,0.00000,0.00000,0.00000
115.10125,0.99750,1.00000,0.00000,0.00000,0.00000
115.20125,0.99751,1.00000,0.00000,0.00000,0.00000
115.30125,0.99751,1.00000,0.00000,0.00000,0.00000
115.40125,0.99750,1.00000,0.00000,0.00000,0.00000
115.50125,0.99750,1.00000,0.00000,0.00000,0.00000
115.60125,0.99750,1.00000,0.00000,0.00000,0.00000
115.70125,0.99751,1.00000,0.00000,0.00000,0.00000
115.80125,0.99751,0.99963,0.00000,0.00001,0.00037
115.90125,0.99750,0.98877,0.00000,0.00011,0.01112
116.00125,0.99750,0.66376,0.00000,0.00074,0.33550
116.10125,0.99750,0.06579,0.00000,0.00045,0.93376
116.20125,0.99751,0.03380,0.00000,0.00015,0.96605
116.30125,0.99751,0.03115,0.00000,0.00009,0.96875
116.40125,0.99750,0.14252,0.00000,0.00007,0.85742
116.50125,0.99750,0.32630,0.00000,0.00001,0.67368
116.60125,0.99750,0.91800,0.00000,0.00000,0.08200
116.70125,0.99751,0.99898,0.00000,0.00000,0.00101
116.80125,0.99751,0.99999,0.00000,0.00000,0.00001
116.90125,0.99750,1.00000,0.00000,0.00000,0.00000
117.00125,0.99750,1.00000,0.00000,0.00000,0.00000
117.10125,0.99750,1.00000,0.00000,0.00000,0.00000
117.20125,0.99751,1.00000,0.00000,0.00000,0.00000
117.30125,0.99751,1.00000,0.00000,0.00000,0.00000
117.40125,0.99750,0.99999,0.00000,0.00000,0.00000
117.50125,0.99750,0.99999,0.00000,0.00000,0.00001
117.60125,0.99750,0.99958,0.00000,0.00001,0.00041
117.70125,0.99751,0.99072,0.00000,0.00008,0.00921
117.80125,0.99751,0.49278,0.00000,0.00036,0.50685
117.90125,0.99750,0.02428,0.00000,0.00006,0.97566
118.00125,0.99750,0.02435,0.00000,0.00003,0.97562
118.10125,0.99750,0.11109,0.00000,0.00002,0.88889
118.20125,0.99751,0.36341,0.00000,0.00001,0.63659
118.30125,0.99751,0.72042,0.00000,0.00000,0.27957
118.40125,0.99750,0.96728,0.00000,0.00000,0.03272
118.50125,0.99750,0.99979,0.00000,0.00000,0.00021
118.60125,0.99750,0.99997,0.00000,0.00000,0.00003
118.70125,0.99751,0.99999,0.00000,0.00000,0.00001
118.80125,0.99751,0.99999,0.00000,0.00000,0.00001
118.90125,0.99750,0.99996,0.00000,0.00000,0.00004
119.00125,0.99750,1.00000,0.00000,0.00000,0.00000
119.10125,0.99750,0.99988,0.00000,0.00000,0.00012
119.20125,0.99751,0.99985,0.00000,0.00000,0.00015
119.30125,0.99751,0.99877,0.00000,0.00001,0.00122
119.40125,0.99750,0.89972,0.00000,0.00017,0.10011
119.50125,0.99750,0.12613,0.00000,0.00017,0.87369
119.60125,0.99750,0.00578,0.00000,0.00003,0.99418
119.70125,0.99751,0.00739,0.00000,0.00003,0.99258
119.80125,0.99751,0.01843,0.00000,0.00003,0.98154
119.90125,0.99750,0.02754,0.00000,0.00003,0.97243
120.00125,0.99750,0.09199,0.00000,0.00012,0.90789
120.10125,0.99750,0.19801,0.00000,0.00070,0.80129
120.20125,0.99751,0.82736,0.00000,0.00244,0.17020
120.30125,0.99751,0.86078,0.00000,0.00081,0.13841
120.40125,0.99750,0.98620,0.00000,0.00006,0.01374
120.50125,0.99750,0.99634,0.00000,0.00002,0.00364
120.60125,0.99750,0.99831,0.00000,0.00001,0.00168
120.70125,0.99751,0.99958,0.00000,0.00000,0.00042
120.80125,0.99751,0.99995,0.00000,0.00000,0.00005
