Time(Seconds),Length(Seconds),Label(string),Confidence(double),Comment(string)
1.7700458,0.797235,Jab,1,
3.3829491,0.8064516,Jab,1,
5.1160826,0.8986175,Jab,1,
6.7935019,0.953917,Jab,1,
8.4237786,0.8341013,Jab,1,
10.2486634,0.9032258,Jab,1,
11.8263592,0.8479262,Jab,1,
13.416221,0.8617511,Jab,1,
15.0436862,0.9032258,Jab,1,
16.7211056,0.9262672,Jab,1,
18.3772346,0.8894009,Jab,1,
19.9670964,0.8525345,Jab,1,
21.5806447,0.9769585,Jab,1,
23.3179719,0.8986175,Jab,1,
24.8194464,0.953917,Jab,1,
26.515299,0.9585253,Jab,1,
28.1032252,1.0875576,Jab,1,
34.0621192,0.9723502,Sidehook,1,
35.5601376,0.875576,Sidehook,1,
36.9979256,0.8940092,Sidehook,1,
38.8129947,1.0092165,Sidehook,1,
40.5914279,1.0092165,Sidehook,1,
42.3425799,1.0829493,Sidehook,1,
44.3063587,0.9078341,Sidehook,1,
46.2192158,1.1658986,Sidehook,1,
48.0855752,1.1013824,Sidehook,1,
49.9377411,1.0645161,Sidehook,1,
51.6298609,1.0829493,Sidehook,1,
53.4582019,1.1290322,Sidehook,1,
55.2867732,1.0875576,Sidehook,1,
56.9991234,1.1705069,Sidehook,1,
59.1218422,0.9861751,Sidehook,1,
60.8398146,1.0092165,Sidehook,1,
62.5218422,1.110599,Sidehook,1,
67.4021647,0.9032258,Uppercut,1,
68.8814274,0.8387096,Uppercut,1,
70.4132707,0.9262672,Uppercut,1,
72.1504596,0.9032258,Uppercut,1,
73.7193997,0.7465437,Uppercut,1,
75.2954365,0.9585253,Uppercut,1,
76.9069573,0.9354838,Uppercut,1,
78.4691693,1.0092165,Uppercut,1,
80.1449756,1.0368663,Uppercut,1,
81.7256208,1.0230414,Uppercut,1,
83.4344685,0.9723502,Uppercut,1,
85.144146,0.9907834,Uppercut,1,
86.9331321,0.9723502,Uppercut,1,
88.6796759,0.9585253,Uppercut,1,
90.3290768,0.8847926,Uppercut,1,
91.8849753,0.9953917,Uppercut,1,
93.5169568,0.9907834,Uppercut,1,
95.097602,1.0829493,Uppercut,1,
