Time(Seconds),Length(Seconds),Label(string),Confidence(double),Comment(string)
2.1115914,0.9861002,Uppercut_R,1,
4.42564,1.2227642,Uppercut_R,1,
6.6476525,1.1438762,Uppercut_R,1,
9.0800312,1.2753563,Uppercut_R,1,
11.0259357,1.2753563,Uppercut_R,1,
12.9718401,1.1964682,Uppercut_R,1,
14.9966326,1.3673923,Uppercut_R,1,
17.0740171,1.1701722,Uppercut_R,1,
19.2434357,1.2885043,Uppercut_R,1,
21.2156361,1.4068363,Uppercut_R,1,
23.2798726,1.1964682,Uppercut_R,1,
25.1468874,1.3148003,Uppercut_R,1,
27.0401999,1.3148003,Uppercut_R,1,
28.9335123,1.1438762,Uppercut_R,1,
39.7017231,1.3805403,Uppercut_R,1,
41.4898515,0.9203602,Uppercut_R,1,
42.9361318,1.1307282,Uppercut_R,1,
45.3290683,1.3542443,Uppercut_R,1,
47.2355267,0.9861002,Uppercut_R,1,
48.8658791,1.1964682,Uppercut_R,1,
50.5093795,1.2359122,Uppercut_R,1,
52.3369519,1.1833202,Uppercut_R,1,
54.1119317,1.2227642,Uppercut_R,1,
55.8474665,1.2885042,Uppercut_R,1,
57.6224469,1.0912842,Uppercut_R,1,
59.3185385,1.3016522,Uppercut_R,1,
61.0803709,1.2227642,Uppercut_R,1,
62.7896113,1.1438762,Uppercut_R,1,
64.5908877,1.3148002,Uppercut_R,1,
66.4316069,1.2096162,Uppercut_R,1,
68.2854753,1.3016522,Uppercut_R,1,
79.6453467,1.0781362,Uppercut_R,1,
81.3940311,1.1307282,Uppercut_R,1,
83.3925276,1.1833202,Uppercut_R,1,
85.28584,1.4199843,Uppercut_R,1,
87.5472947,1.2096162,Uppercut_R,1,
89.4669031,1.1570242,Uppercut_R,1,
91.5179915,1.2885042,Uppercut_R,1,
93.5164862,1.1833202,Uppercut_R,1,
95.3177626,1.3148002,Uppercut_R,1,
97.3425551,1.1570242,Uppercut_R,1,
99.1175355,1.3016522,Uppercut_R,1,
101.0765879,1.2096162,Uppercut_R,1,
102.8384183,1.2227642,Uppercut_R,1,
104.6396947,1.1701722,Uppercut_R,1,
106.3094911,1.2753562,Uppercut_R,1,
107.9661394,1.1438762,Uppercut_R,1,
109.6096389,1.2096162,Uppercut_R,1,
111.3188793,1.1438762,Uppercut_R,1,
112.8703437,1.1833202,Uppercut_R,1,
