Time(Seconds),Length(Seconds),Label(string),Confidence(double),Comment(string)
8.6821388,0.9437187,Jab_R,1,
10.6347658,1.9251236,Sidehook_R,1,
12.9930054,1.837618,Uppercut_R,1,
15.6020233,1.2032022,Jab_R,1,
17.7081734,1.5422865,Sidehook_R,1,
19.8699628,1.4547809,Uppercut_R,1,
23.4807377,1.2250787,Jab_R,1,
25.1873882,1.4985337,Sidehook_R,1,
26.948803,1.3235225,Uppercut_R,1,
29.410629,1.1047584,Jab_R,1,
31.1559643,1.1594494,Sidehook_R,1,
32.8844187,1.2578933,Uppercut_R,1,
35.3626885,1.1703876,Jab_R,1,
36.9819791,1.2469551,Sidehook_R,1,
38.464798,1.192264,Uppercut_R,1,
40.6533148,1.0391292,Jab_R,1,
42.1681456,1.3672753,Sidehook_R,1,
43.8477062,1.4110281,Uppercut_R,1,
45.7792117,1.137573,Jab_R,1,
47.3327273,1.2907079,Sidehook_R,1,
48.9412261,1.2141404,Uppercut_R,1,
50.7634225,0.9953764,Jab_R,1,
52.0870172,1.2688315,Sidehook_R,1,
53.766286,1.5094719,Uppercut_R,1,
56.2506447,1.028191,Jab_R,1,
57.4101665,1.3563371,Sidehook_R,1,
59.3467383,1.4110281,Uppercut_R,1,
62.0990464,1.082882,Jab_R,1,
64.0409778,1.3891517,Sidehook_R,1,
65.9279267,1.3235225,Uppercut_R,1,
67.7504144,0.9844382,Jab_R,1,
69.0788587,1.2250787,Sidehook_R,1,
70.7211201,1.3344607,Uppercut_R,1,
72.6470467,1.0938202,Jab_R,1,
74.0689397,1.246955,Sidehook_R,1,
75.6227474,1.3891517,Uppercut_R,1,
77.548601,1.1485112,Jab_R,1,
78.8065668,1.3125843,Sidehook_R,1,
80.3329198,1.2360168,Uppercut_R,1,
