Time (seconds), Duration (seconds),pred_(unlabeled),pred_Jab_R,pred_Sidehook_R,pred_Uppercut_R
0.00125,0.99750,1.00000,0.00000,0.00000,0.00000
0.10125,0.99750,1.00000,0.00000,0.00000,0.00000
0.20125,0.99750,1.00000,0.00000,0.00000,0.00000
0.30125,0.99750,1.00000,0.00000,0.00000,0.00000
0.40125,0.99750,1.00000,0.00000,0.00000,0.00000
0.50125,0.99750,1.00000,0.00000,0.00000,0.00000
0.60125,0.99750,1.00000,0.00000,0.00000,0.00000
0.70125,0.99750,1.00000,0.00000,0.00000,0.00000
0.80125,0.99750,0.99992,0.00000,0.00008,0.00000
0.90125,0.99750,0.99761,0.00000,0.00239,0.00000
1.00125,0.99750,0.93584,0.00000,0.06415,0.00000
1.10125,0.99750,0.27359,0.00001,0.72640,0.00000
1.20125,0.99750,0.02607,0.00000,0.97392,0.00000
1.30125,0.99750,0.04657,0.00001,0.95343,0.00000
1.40125,0.99750,0.51355,0.00001,0.48643,0.00000
1.50125,0.99750,0.98753,0.00002,0.01245,0.00000
1.60125,0.99750,0.99949,0.00001,0.00050,0.00000
1.70125,0.99750,0.99997,0.00000,0.00003,0.00000
1.80125,0.99750,0.99999,0.00001,0.00000,0.00000
1.90125,0.99750,1.00000,0.00000,0.00000,0.00000
2.00125,0.99750,1.00000,0.00000,0.00000,0.00000
2.10125,0.99750,1.00000,0.00000,0.00000,0.00000
2.20125,0.99750,1.00000,0.00000,0.00000,0.00000
2.30125,0.99750,1.00000,0.00000,0.00000,0.00000
2.40125,0.99750,1.00000,0.00000,0.00000,0.00000
2.50125,0.99750,1.00000,0.00000,0.00000,0.00000
2.60125,0.99750,0.99999,0.00000,0.00001,0.00000
2.70125,0.99750,0.99983,0.00000,0.00017,0.00000
2.80125,0.99750,0.99458,0.00000,0.00542,0.00000
2.90125,0.99750,0.84092,0.00000,0.15908,0.00000
3.00125,0.99750,0.11049,0.00001,0.88946,0.00004
3.10125,0.99750,0.04613,0.00000,0.95381,0.00006
3.20125,0.99750,0.05920,0.00000,0.94061,0.00019
3.30125,0.99750,0.69300,0.00000,0.30656,0.00043
3.40125,0.99750,0.99074,0.00000,0.00925,0.00001
3.50125,0.99750,0.99958,0.00000,0.00042,0.00000
3.60125,0.99750,0.99999,0.00000,0.00001,0.00000
3.70125,0.99750,0.99999,0.00001,0.00000,0.00000
3.80125,0.99750,1.00000,0.00000,0.00000,0.00000
3.90125,0.99750,1.00000,0.00000,0.00000,0.00000
4.00125,0.99750,1.00000,0.00000,0.00000,0.00000
4.10125,0.99750,1.00000,0.00000,0.00000,0.00000
4.20125,0.99750,1.00000,0.00000,0.00000,0.00000
4.30125,0.99750,1.00000,0.00000,0.00000,0.00000
4.40125,0.99750,1.00000,0.00000,0.00000,0.00000
4.50125,0.99750,1.00000,0.00000,0.00000,0.00000
4.60125,0.99750,0.99995,0.00000,0.00005,0.00000
4.70125,0.99750,0.99855,0.00000,0.00145,0.00000
4.80125,0.99750,0.96668,0.00000,0.03332,0.00000
4.90125,0.99750,0.35793,0.00000,0.64205,0.00002
5.00125,0.99750,0.04507,0.00000,0.95493,0.00000
5.10125,0.99750,0.02617,0.00000,0.97383,0.00000
5.20125,0.99750,0.02712,0.00000,0.97288,0.00000
5.30125,0.99750,0.22230,0.00000,0.77770,0.00000
5.40125,0.99750,0.92361,0.00000,0.07639,0.00000
5.50125,0.99750,0.99859,0.00000,0.00141,0.00000
5.60125,0.99750,0.99998,0.00001,0.00001,0.00000
5.70125,0.99750,0.99999,0.00001,0.00000,0.00000
5.80125,0.99750,1.00000,0.00000,0.00000,0.00000
5.90125,0.99750,1.00000,0.00000,0.00000,0.00000
6.00125,0.99750,1.00000,0.00000,0.00000,0.00000
6.10125,0.99750,1.00000,0.00000,0.00000,0.00000
6.20125,0.99750,1.00000,0.00000,0.00000,0.00000
6.30125,0.99750,1.00000,0.00000,0.00000,0.00000
6.40125,0.99750,0.99993,0.00000,0.00007,0.00000
6.50125,0.99750,0.99891,0.00000,0.00109,0.00000
6.60125,0.99750,0.96685,0.00001,0.03314,0.00000
6.70125,0.99750,0.42591,0.00005,0.57404,0.00000
6.80125,0.99750,0.02753,0.00002,0.97245,0.00000
6.90125,0.99750,0.03317,0.00002,0.96681,0.00000
7.00125,0.99750,0.37847,0.00007,0.62145,0.00001
7.10125,0.99750,0.95570,0.00002,0.04428,0.00000
7.20125,0.99750,0.99886,0.00007,0.00107,0.00000
7.30125,0.99750,0.99991,0.00007,0.00001,0.00000
7.40125,0.99750,0.99999,0.00001,0.00000,0.00000
7.50125,0.99750,1.00000,0.00000,0.00000,0.00000
7.60125,0.99750,1.00000,0.00000,0.00000,0.00000
7.70125,0.99750,1.00000,0.00000,0.00000,0.00000
7.80125,0.99750,1.00000,0.00000,0.00000,0.00000
7.90125,0.99750,1.00000,0.00000,0.00000,0.00000
8.00125,0.99750,1.00000,0.00000,0.00000,0.00000
8.10125,0.99750,1.00000,0.00000,0.00000,0.00000
8.20125,0.99750,1.00000,0.00000,0.00000,0.00000
8.30125,0.99750,1.00000,0.00000,0.00000,0.00000
8.40125,0.99750,1.00000,0.00000,0.00000,0.00000
8.50125,0.99750,0.99998,0.00000,0.00002,0.00000
8.60125,0.99750,0.99950,0.00000,0.00050,0.00000
8.70125,0.99750,0.99071,0.00000,0.00929,0.00000
8.80125,0.99750,0.76507,0.00000,0.23493,0.00000
8.90125,0.99750,0.07124,0.00000,0.92876,0.00000
9.00125,0.99750,0.04253,0.00000,0.95747,0.00000
9.10125,0.99750,0.09248,0.00000,0.90752,0.00001
9.20125,0.99750,0.77504,0.00000,0.22496,0.00000
9.30125,0.99750,0.99255,0.00000,0.00745,0.00000
9.40125,0.99750,0.99980,0.00001,0.00019,0.00000
9.50125,0.99750,0.99998,0.00001,0.00001,0.00000
9.60125,0.99750,0.99998,0.00001,0.00000,0.00000
9.70125,0.99750,1.00000,0.00000,0.00000,0.00000
9.80125,0.99750,1.00000,0.00000,0.00000,0.00000
9.90125,0.99750,1.00000,0.00000,0.00000,0.00000
10.00125,0.99750,1.00000,0.00000,0.00000,0.00000
10.10125,0.99750,1.00000,0.00000,0.00000,0.00000
10.20125,0.99750,1.00000,0.00000,0.00000,0.00000
10.30125,0.99750,0.99999,0.00000,0.00001,0.00000
10.40125,0.99750,0.99980,0.00000,0.00020,0.00000
10.50125,0.99750,0.99740,0.00000,0.00260,0.00000
10.60125,0.99750,0.91701,0.00001,0.08291,0.00007
10.70125,0.99750,0.29647,0.00003,0.70344,0.00005
10.80125,0.99750,0.04367,0.00001,0.95628,0.00003
10.90125,0.99750,0.07696,0.00002,0.92295,0.00007
11.00125,0.99750,0.60516,0.00004,0.39471,0.00009
11.10125,0.99750,0.98834,0.00001,0.01165,0.00000
11.20125,0.99750,0.99963,0.00001,0.00036,0.00000
11.30125,0.99750,0.99996,0.00004,0.00000,0.00000
11.40125,0.99750,0.99997,0.00003,0.00000,0.00000
11.50125,0.99750,0.99999,0.00001,0.00000,0.00000
11.60125,0.99750,1.00000,0.00000,0.00000,0.00000
11.70125,0.99750,1.00000,0.00000,0.00000,0.00000
11.80125,0.99750,1.00000,0.00000,0.00000,0.00000
11.90125,0.99750,1.00000,0.00000,0.00000,0.00000
12.00125,0.99750,0.99998,0.00000,0.00002,0.00000
12.10125,0.99750,0.99950,0.00000,0.00050,0.00000
12.20125,0.99750,0.98714,0.00000,0.01286,0.00000
12.30125,0.99750,0.69292,0.00001,0.30707,0.00001
12.40125,0.99750,0.07309,0.00001,0.92687,0.00003
12.50125,0.99750,0.01911,0.00001,0.98085,0.00004
12.60125,0.99750,0.03387,0.00001,0.96606,0.00006
12.70125,0.99750,0.35512,0.00004,0.64473,0.00010
12.80125,0.99750,0.93687,0.00002,0.06311,0.00001
12.90125,0.99750,0.99876,0.00004,0.00120,0.00000
13.00125,0.99750,0.99970,0.00029,0.00001,0.00000
13.10125,0.99750,0.99994,0.00006,0.00000,0.00000
13.20125,0.99750,0.99999,0.00001,0.00000,0.00000
13.30125,0.99750,1.00000,0.00000,0.00000,0.00000
13.40125,0.99750,1.00000,0.00000,0.00000,0.00000
13.50125,0.99750,1.00000,0.00000,0.00000,0.00000
13.60125,0.99750,1.00000,0.00000,0.00000,0.00000
13.70125,0.99750,1.00000,0.00000,0.00000,0.00000
13.80125,0.99750,0.99993,0.00000,0.00006,0.00000
13.90125,0.99750,0.99721,0.00002,0.00277,0.00000
14.00125,0.99750,0.92541,0.00017,0.07442,0.00000
14.10125,0.99750,0.31638,0.00064,0.68296,0.00002
14.20125,0.99750,0.01430,0.00014,0.98548,0.00007
14.30125,0.99750,0.01698,0.00008,0.98285,0.00009
14.40125,0.99750,0.12641,0.00007,0.87300,0.00052
14.50125,0.99750,0.78873,0.00004,0.21034,0.00088
14.60125,0.99750,0.99211,0.00003,0.00785,0.00001
14.70125,0.99750,0.99877,0.00010,0.00113,0.00000
14.80125,0.99750,0.99993,0.00003,0.00004,0.00001
14.90125,0.99750,0.99999,0.00000,0.00000,0.00000
15.00125,0.99750,1.00000,0.00000,0.00000,0.00000
15.10125,0.99750,1.00000,0.00000,0.00000,0.00000
15.20125,0.99750,1.00000,0.00000,0.00000,0.00000
15.30125,0.99750,1.00000,0.00000,0.00000,0.00000
15.40125,0.99750,0.99997,0.00000,0.00003,0.00000
15.50125,0.99750,0.99945,0.00000,0.00055,0.00000
15.60125,0.99750,0.99439,0.00000,0.00560,0.00000
15.70125,0.99750,0.94160,0.00000,0.05839,0.00001
15.80125,0.99750,0.29994,0.00000,0.69992,0.00013
15.90125,0.99750,0.03866,0.00000,0.96123,0.00011
16.00125,0.99750,0.02476,0.00000,0.97509,0.00015
16.10125,0.99750,0.29364,0.00000,0.70610,0.00025
16.20125,0.99750,0.93525,0.00000,0.06473,0.00002
16.30125,0.99750,0.99824,0.00000,0.00176,0.00000
16.40125,0.99750,0.99994,0.00001,0.00006,0.00000
16.50125,0.99750,0.99999,0.00000,0.00000,0.00000
16.60125,0.99750,1.00000,0.00000,0.00000,0.00000
16.70125,0.99750,1.00000,0.00000,0.00000,0.00000
16.80125,0.99750,1.00000,0.00000,0.00000,0.00000
16.90125,0.99750,1.00000,0.00000,0.00000,0.00000
17.00125,0.99750,1.00000,0.00000,0.00000,0.00000
17.10125,0.99750,0.99998,0.00000,0.00002,0.00000
17.20125,0.99750,0.99970,0.00000,0.00030,0.00000
17.30125,0.99750,0.99258,0.00000,0.00742,0.00000
17.40125,0.99750,0.80962,0.00000,0.19037,0.00000
17.50125,0.99750,0.29052,0.00001,0.70946,0.00000
17.60125,0.99750,0.01804,0.00001,0.98195,0.00000
17.70125,0.99750,0.03677,0.00001,0.96322,0.00000
17.80125,0.99750,0.30602,0.00003,0.69395,0.00001
17.90125,0.99750,0.93628,0.00001,0.06371,0.00000
18.00125,0.99750,0.99900,0.00004,0.00096,0.00000
18.10125,0.99750,0.99981,0.00018,0.00001,0.00000
18.20125,0.99750,0.99997,0.00002,0.00000,0.00000
18.30125,0.99750,0.99999,0.00001,0.00000,0.00000
18.40125,0.99750,0.99999,0.00001,0.00000,0.00000
18.50125,0.99750,1.00000,0.00000,0.00000,0.00000
18.60125,0.99750,1.00000,0.00000,0.00000,0.00000
18.70125,0.99750,0.99999,0.00000,0.00001,0.00000
18.80125,0.99750,0.99992,0.00000,0.00008,0.00000
18.90125,0.99750,0.99894,0.00000,0.00106,0.00000
19.00125,0.99750,0.97666,0.00000,0.02333,0.00000
19.10125,0.99750,0.62303,0.00001,0.37694,0.00002
19.20125,0.99750,0.03593,0.00000,0.96402,0.00004
19.30125,0.99750,0.03310,0.00000,0.96688,0.00002
19.40125,0.99750,0.28750,0.00000,0.71243,0.00007
19.50125,0.99750,0.92374,0.00000,0.07621,0.00005
19.60125,0.99750,0.99864,0.00000,0.00136,0.00000
19.70125,0.99750,0.99994,0.00000,0.00006,0.00000
19.80125,0.99750,0.99999,0.00000,0.00000,0.00000
19.90125,0.99750,0.99998,0.00001,0.00000,0.00000
20.00125,0.99750,0.99998,0.00001,0.00001,0.00000
20.10125,0.99750,0.99998,0.00001,0.00001,0.00000
20.20125,0.99750,0.99999,0.00000,0.00001,0.00000
20.30125,0.99750,0.99999,0.00000,0.00001,0.00000
20.40125,0.99750,0.99988,0.00000,0.00012,0.00000
20.50125,0.99750,0.99680,0.00000,0.00320,0.00000
20.60125,0.99750,0.91702,0.00003,0.08295,0.00000
20.70125,0.99750,0.27885,0.00008,0.72106,0.00001
20.80125,0.99750,0.02057,0.00002,0.97940,0.00001
20.90125,0.99750,0.02341,0.00002,0.97656,0.00001
21.00125,0.99750,0.22632,0.00007,0.77358,0.00003
21.10125,0.99750,0.91676,0.00004,0.08320,0.00000
21.20125,0.99750,0.99796,0.00009,0.00195,0.00000
21.30125,0.99750,0.99971,0.00027,0.00002,0.00000
21.40125,0.99750,0.99996,0.00004,0.00001,0.00000
21.50125,0.99750,0.99999,0.00000,0.00000,0.00000
21.60125,0.99750,0.99999,0.00000,0.00001,0.00000
21.70125,0.99750,0.99999,0.00000,0.00001,0.00000
21.80125,0.99750,0.99999,0.00000,0.00001,0.00000
21.90125,0.99750,0.99998,0.00000,0.00002,0.00000
22.00125,0.99750,0.99986,0.00000,0.00014,0.00000
22.10125,0.99750,0.99708,0.00000,0.00292,0.00000
22.20125,0.99750,0.91080,0.00000,0.08919,0.00002
22.30125,0.99750,0.23318,0.00001,0.76676,0.00004
22.40125,0.99750,0.02559,0.00000,0.97439,0.00002
22.50125,0.99750,0.03232,0.00001,0.96764,0.00003
22.60125,0.99750,0.27968,0.00001,0.72021,0.00010
22.70125,0.99750,0.90203,0.00000,0.09792,0.00004
22.80125,0.99750,0.99432,0.00001,0.00566,0.00000
22.90125,0.99750,0.99956,0.00002,0.00042,0.00000
23.00125,0.99750,0.99968,0.00001,0.00002,0.00029
23.10125,0.99750,0.99994,0.00001,0.00001,0.00004
23.20125,0.99750,0.99994,0.00001,0.00002,0.00003
23.30125,0.99750,0.99986,0.00001,0.00002,0.00012
23.40125,0.99750,0.99995,0.00000,0.00002,0.00003
23.50125,0.99750,0.99989,0.00000,0.00004,0.00007
23.60125,0.99750,0.99961,0.00000,0.00039,0.00000
23.70125,0.99750,0.99288,0.00000,0.00711,0.00001
23.80125,0.99750,0.94445,0.00003,0.05550,0.00002
23.90125,0.99750,0.39090,0.00045,0.60840,0.00025
24.00125,0.99750,0.03501,0.00032,0.96420,0.00048
24.10125,0.99750,0.17600,0.00012,0.82358,0.00030
24.20125,0.99750,0.46244,0.00008,0.53695,0.00053
24.30125,0.99750,0.82136,0.00003,0.17830,0.00031
24.40125,0.99750,0.97794,0.00013,0.02148,0.00044
24.50125,0.99750,0.99902,0.00019,0.00079,0.00000
24.60125,0.99750,0.99962,0.00005,0.00005,0.00027
24.70125,0.99750,0.99998,0.00001,0.00000,0.00001
24.80125,0.99750,1.00000,0.00000,0.00000,0.00000
24.90125,0.99750,1.00000,0.00000,0.00000,0.00000
25.00125,0.99750,1.00000,0.00000,0.00000,0.00000
25.10125,0.99750,1.00000,0.00000,0.00000,0.00000
25.20125,0.99750,1.00000,0.00000,0.00000,0.00000
25.30125,0.99750,0.99999,0.00000,0.00001,0.00000
25.40125,0.99750,0.99994,0.00000,0.00006,0.00000
25.50125,0.99750,0.99826,0.00002,0.00172,0.00000
25.60125,0.99750,0.96102,0.00011,0.03886,0.00000
25.70125,0.99750,0.43389,0.00034,0.56576,0.00000
25.80125,0.99750,0.04169,0.00010,0.95820,0.00001
25.90125,0.99750,0.05319,0.00017,0.94661,0.00002
26.00125,0.99750,0.29453,0.00035,0.70503,0.00008
26.10125,0.99750,0.92712,0.00015,0.07270,0.00002
26.20125,0.99750,0.99854,0.00008,0.00138,0.00000
26.30125,0.99750,0.99973,0.00015,0.00012,0.00000
26.40125,0.99750,0.99990,0.00009,0.00001,0.00000
26.50125,0.99750,0.99998,0.00002,0.00000,0.00000
26.60125,0.99750,1.00000,0.00000,0.00000,0.00000
26.70125,0.99750,1.00000,0.00000,0.00000,0.00000
26.80125,0.99750,1.00000,0.00000,0.00000,0.00000
26.90125,0.99750,1.00000,0.00000,0.00000,0.00000
27.00125,0.99750,0.99999,0.00000,0.00001,0.00000
27.10125,0.99750,0.99967,0.00000,0.00028,0.00005
27.20125,0.99750,0.99340,0.00000,0.00607,0.00053
27.30125,0.99750,0.92947,0.00001,0.06738,0.00315
27.40125,0.99750,0.35094,0.00007,0.64575,0.00324
27.50125,0.99750,0.01912,0.00002,0.97631,0.00455
27.60125,0.99750,0.13043,0.00004,0.86191,0.00762
27.70125,0.99750,0.84790,0.00006,0.14787,0.00417
27.80125,0.99750,0.99729,0.00001,0.00270,0.00000
27.90125,0.99750,0.99993,0.00002,0.00005,0.00000
28.00125,0.99750,0.99996,0.00004,0.00000,0.00000
28.10125,0.99750,0.99998,0.00002,0.00000,0.00000
28.20125,0.99750,0.99998,0.00002,0.00000,0.00000
28.30125,0.99750,0.99999,0.00001,0.00000,0.00000
28.40125,0.99750,1.00000,0.00000,0.00000,0.00000
28.50125,0.99750,0.99999,0.00000,0.00001,0.00000
28.60125,0.99750,0.99996,0.00000,0.00004,0.00000
28.70125,0.99750,0.99821,0.00000,0.00179,0.00000
28.80125,0.99750,0.93951,0.00001,0.06048,0.00000
28.90125,0.99750,0.26088,0.00004,0.73908,0.00000
29.00125,0.99750,0.01836,0.00002,0.98162,0.00000
29.10125,0.99750,0.13397,0.00003,0.86600,0.00000
29.20125,0.99750,0.77727,0.00003,0.22270,0.00000
29.30125,0.99750,0.99589,0.00002,0.00409,0.00000
29.40125,0.99750,0.99980,0.00001,0.00019,0.00000
29.50125,0.99750,0.99992,0.00005,0.00003,0.00000
29.60125,0.99750,0.99997,0.00001,0.00000,0.00001
29.70125,0.99750,1.00000,0.00000,0.00000,0.00000
29.80125,0.99750,1.00000,0.00000,0.00000,0.00000
29.90125,0.99750,1.00000,0.00000,0.00000,0.00000
30.00125,0.99750,1.00000,0.00000,0.00000,0.00000
30.10125,0.99750,1.00000,0.00000,0.00000,0.00000
30.20125,0.99750,0.99992,0.00000,0.00008,0.00000
30.30125,0.99750,0.99812,0.00000,0.00188,0.00000
30.40125,0.99750,0.99304,0.00000,0.00696,0.00000
30.50125,0.99750,0.94157,0.00000,0.05843,0.00000
30.60125,0.99750,0.45629,0.00000,0.54371,0.00000
30.70125,0.99750,0.02160,0.00000,0.97840,0.00000
30.80125,0.99750,0.02753,0.00000,0.97247,0.00000
30.90125,0.99750,0.32857,0.00000,0.67143,0.00000
31.00125,0.99750,0.95209,0.00000,0.04791,0.00000
31.10125,0.99750,0.99931,0.00001,0.00068,0.00000
31.20125,0.99750,0.99997,0.00002,0.00001,0.00000
31.30125,0.99750,0.99997,0.00003,0.00000,0.00000
31.40125,0.99750,0.99999,0.00001,0.00000,0.00000
31.50125,0.99750,1.00000,0.00000,0.00000,0.00000
31.60125,0.99750,1.00000,0.00000,0.00000,0.00000
31.70125,0.99750,1.00000,0.00000,0.00000,0.00000
31.80125,0.99750,1.00000,0.00000,0.00000,0.00000
31.90125,0.99750,1.00000,0.00000,0.00000,0.00000
32.00125,0.99750,0.99996,0.00000,0.00004,0.00000
32.10125,0.99750,0.99881,0.00000,0.00119,0.00000
32.20125,0.99750,0.96032,0.00002,0.03967,0.00000
32.30125,0.99750,0.46106,0.00009,0.53885,0.00000
32.40125,0.99750,0.02103,0.00002,0.97894,0.00001
32.50125,0.99750,0.04224,0.00001,0.95768,0.00006
32.60125,0.99750,0.56555,0.00001,0.43438,0.00006
32.70125,0.99750,0.98401,0.00000,0.01599,0.00000
32.80125,0.99750,0.99973,0.00001,0.00027,0.00000
32.90125,0.99750,0.99996,0.00003,0.00000,0.00000
33.00125,0.99750,1.00000,0.00000,0.00000,0.00000
33.10125,0.99750,1.00000,0.00000,0.00000,0.00000
33.20125,0.99750,1.00000,0.00000,0.00000,0.00000
33.30125,0.99750,1.00000,0.00000,0.00000,0.00000
33.40125,0.99750,1.00000,0.00000,0.00000,0.00000
33.50125,0.99750,1.00000,0.00000,0.00000,0.00000
33.60125,0.99750,0.99999,0.00000,0.00001,0.00000
33.70125,0.99750,0.99990,0.00000,0.00010,0.00000
33.80125,0.99750,0.99793,0.00000,0.00200,0.00006
33.90125,0.99750,0.97447,0.00002,0.01977,0.00574
34.00125,0.99750,0.95704,0.00001,0.03115,0.01180
34.10125,0.99750,0.96572,0.00001,0.03258,0.00169
34.20125,0.99750,0.99867,0.00000,0.00132,0.00001
34.30125,0.99750,0.99997,0.00000,0.00003,0.00000
34.40125,0.99750,1.00000,0.00000,0.00000,0.00000
34.50125,0.99750,1.00000,0.00000,0.00000,0.00000
34.60125,0.99750,1.00000,0.00000,0.00000,0.00000
34.70125,0.99750,1.00000,0.00000,0.00000,0.00000
34.80125,0.99750,1.00000,0.00000,0.00000,0.00000
34.90125,0.99750,1.00000,0.00000,0.00000,0.00000
35.00125,0.99750,0.99998,0.00000,0.00002,0.00000
35.10125,0.99750,0.99970,0.00000,0.00030,0.00000
35.20125,0.99750,0.99220,0.00000,0.00780,0.00000
35.30125,0.99750,0.87239,0.00000,0.12761,0.00000
35.40125,0.99750,0.40784,0.00002,0.59214,0.00000
35.50125,0.99750,0.02462,0.00003,0.97535,0.00000
35.60125,0.99750,0.15191,0.00002,0.84807,0.00000
35.70125,0.99750,0.73979,0.00003,0.26018,0.00000
35.80125,0.99750,0.98733,0.00000,0.01266,0.00000
35.90125,0.99750,0.99944,0.00007,0.00049,0.00000
36.00125,0.99750,0.99987,0.00012,0.00001,0.00000
36.10125,0.99750,0.99998,0.00001,0.00000,0.00001
36.20125,0.99750,1.00000,0.00000,0.00000,0.00000
36.30125,0.99750,1.00000,0.00000,0.00000,0.00000
36.40125,0.99750,1.00000,0.00000,0.00000,0.00000
36.50125,0.99750,1.00000,0.00000,0.00000,0.00000
36.60125,0.99750,1.00000,0.00000,0.00000,0.00000
36.70125,0.99750,1.00000,0.00000,0.00000,0.00000
36.80125,0.99750,0.99998,0.00000,0.00002,0.00000
36.90125,0.99750,0.99980,0.00000,0.00020,0.00000
37.00125,0.99750,0.99601,0.00000,0.00399,0.00000
37.10125,0.99750,0.91393,0.00002,0.08605,0.00000
37.20125,0.99750,0.15947,0.00005,0.84048,0.00000
37.30125,0.99750,0.02167,0.00002,0.97831,0.00001
37.40125,0.99750,0.03343,0.00002,0.96655,0.00000
37.50125,0.99750,0.07356,0.00002,0.92641,0.00001
37.60125,0.99750,0.35364,0.00007,0.64625,0.00004
37.70125,0.99750,0.93753,0.00009,0.06235,0.00003
37.80125,0.99750,0.99777,0.00016,0.00207,0.00000
37.90125,0.99750,0.99982,0.00012,0.00006,0.00000
38.00125,0.99750,0.99999,0.00001,0.00000,0.00000
38.10125,0.99750,1.00000,0.00000,0.00000,0.00000
38.20125,0.99750,1.00000,0.00000,0.00000,0.00000
38.30125,0.99750,1.00000,0.00000,0.00000,0.00000
38.40125,0.99750,1.00000,0.00000,0.00000,0.00000
38.50125,0.99750,1.00000,0.00000,0.00000,0.00000
38.60125,0.99750,0.99996,0.00000,0.00004,0.00000
38.70125,0.99750,0.99921,0.00000,0.00079,0.00000
38.80125,0.99750,0.97957,0.00000,0.02043,0.00000
38.90125,0.99750,0.64477,0.00000,0.35522,0.00000
39.00125,0.99750,0.04188,0.00001,0.95811,0.00000
39.10125,0.99750,0.01448,0.00000,0.98552,0.00000
39.20125,0.99750,0.02582,0.00000,0.97418,0.00000
39.30125,0.99750,0.52049,0.00001,0.47950,0.00000
39.40125,0.99750,0.98503,0.00000,0.01497,0.00000
39.50125,0.99750,0.99969,0.00007,0.00024,0.00000
39.60125,0.99750,0.99975,0.00024,0.00001,0.00000
39.70125,0.99750,0.99995,0.00005,0.00000,0.00000
39.80125,0.99750,0.99999,0.00001,0.00000,0.00000
39.90125,0.99750,1.00000,0.00000,0.00000,0.00000
40.00125,0.99750,1.00000,0.00000,0.00000,0.00000
40.10125,0.99750,1.00000,0.00000,0.00000,0.00000
40.20125,0.99750,1.00000,0.00000,0.00000,0.00000
40.30125,0.99750,1.00000,0.00000,0.00000,0.00000
40.40125,0.99750,1.00000,0.00000,0.00000,0.00000
40.50125,0.99750,1.00000,0.00000,0.00000,0.00000
40.60125,0.99750,1.00000,0.00000,0.00000,0.00000
40.70125,0.99750,1.00000,0.00000,0.00000,0.00000
40.80125,0.99750,1.00000,0.00000,0.00000,0.00000
40.90125,0.99750,1.00000,0.00000,0.00000,0.00000
41.00125,0.99750,1.00000,0.00000,0.00000,0.00000
41.10125,0.99750,0.99994,0.00000,0.00006,0.00000
41.20125,0.99750,0.99853,0.00000,0.00146,0.00000
41.30125,0.99750,0.95367,0.00002,0.04632,0.00000
41.40125,0.99750,0.29723,0.00009,0.70268,0.00000
41.50125,0.99750,0.02424,0.00001,0.97573,0.00002
41.60125,0.99750,0.03058,0.00001,0.96939,0.00002
41.70125,0.99750,0.16714,0.00004,0.83277,0.00005
41.80125,0.99750,0.88999,0.00004,0.10995,0.00001
41.90125,0.99750,0.99731,0.00025,0.00244,0.00000
42.00125,0.99750,0.99920,0.00078,0.00003,0.00000
42.10125,0.99750,0.99992,0.00007,0.00001,0.00000
42.20125,0.99750,0.99998,0.00002,0.00000,0.00000
42.30125,0.99750,1.00000,0.00000,0.00000,0.00000
42.40125,0.99750,1.00000,0.00000,0.00000,0.00000
42.50125,0.99750,1.00000,0.00000,0.00000,0.00000
42.60125,0.99750,1.00000,0.00000,0.00000,0.00000
42.70125,0.99750,1.00000,0.00000,0.00000,0.00000
42.80125,0.99750,1.00000,0.00000,0.00000,0.00000
42.90125,0.99750,1.00000,0.00000,0.00000,0.00000
43.00125,0.99750,0.99994,0.00000,0.00006,0.00000
43.10125,0.99750,0.99821,0.00000,0.00179,0.00000
43.20125,0.99750,0.95106,0.00000,0.04894,0.00000
43.30125,0.99750,0.46584,0.00001,0.53414,0.00000
43.40125,0.99750,0.01776,0.00000,0.98224,0.00000
43.50125,0.99750,0.01589,0.00000,0.98411,0.00000
43.60125,0.99750,0.01865,0.00000,0.98135,0.00000
43.70125,0.99750,0.29067,0.00001,0.70932,0.00000
43.80125,0.99750,0.95885,0.00006,0.04109,0.00000
43.90125,0.99750,0.99849,0.00044,0.00108,0.00000
44.00125,0.99750,0.99938,0.00059,0.00004,0.00000
44.10125,0.99750,0.99994,0.00005,0.00000,0.00000
44.20125,0.99750,0.99999,0.00001,0.00000,0.00000
44.30125,0.99750,1.00000,0.00000,0.00000,0.00000
44.40125,0.99750,1.00000,0.00000,0.00000,0.00000
44.50125,0.99750,1.00000,0.00000,0.00000,0.00000
44.60125,0.99750,1.00000,0.00000,0.00000,0.00000
44.70125,0.99750,1.00000,0.00000,0.00000,0.00000
44.80125,0.99750,1.00000,0.00000,0.00000,0.00000
44.90125,0.99750,1.00000,0.00000,0.00000,0.00000
45.00125,0.99750,0.99999,0.00000,0.00001,0.00000
45.10125,0.99750,0.99991,0.00000,0.00009,0.00000
45.20125,0.99750,0.99791,0.00000,0.00209,0.00000
45.30125,0.99750,0.90935,0.00001,0.09064,0.00000
45.40125,0.99750,0.23607,0.00003,0.76389,0.00000
45.50125,0.99750,0.04852,0.00001,0.95147,0.00000
45.60125,0.99750,0.29968,0.00004,0.70027,0.00001
45.70125,0.99750,0.94112,0.00004,0.05884,0.00000
45.80125,0.99750,0.99808,0.00004,0.00188,0.00000
45.90125,0.99750,0.99982,0.00004,0.00014,0.00000
46.00125,0.99750,0.99997,0.00002,0.00001,0.00000
46.10125,0.99750,0.99996,0.00003,0.00000,0.00000
46.20125,0.99750,1.00000,0.00000,0.00000,0.00000
46.30125,0.99750,1.00000,0.00000,0.00000,0.00000
46.40125,0.99750,1.00000,0.00000,0.00000,0.00000
46.50125,0.99750,1.00000,0.00000,0.00000,0.00000
46.60125,0.99750,1.00000,0.00000,0.00000,0.00000
46.70125,0.99750,1.00000,0.00000,0.00000,0.00000
46.80125,0.99750,0.99998,0.00000,0.00002,0.00000
46.90125,0.99750,0.99967,0.00000,0.00033,0.00000
47.00125,0.99750,0.99080,0.00001,0.00919,0.00000
47.10125,0.99750,0.82525,0.00007,0.17468,0.00000
47.20125,0.99750,0.10466,0.00026,0.89508,0.00000
47.30125,0.99750,0.02224,0.00008,0.97767,0.00000
47.40125,0.99750,0.06304,0.00009,0.93687,0.00000
47.50125,0.99750,0.43924,0.00017,0.56056,0.00003
47.60125,0.99750,0.95572,0.00009,0.04419,0.00000
47.70125,0.99750,0.99703,0.00020,0.00277,0.00000
47.80125,0.99750,0.99935,0.00029,0.00034,0.00002
47.90125,0.99750,0.99958,0.00002,0.00002,0.00037
48.00125,0.99750,0.99990,0.00000,0.00000,0.00010
48.10125,0.99750,0.99997,0.00000,0.00000,0.00003
48.20125,0.99750,0.99998,0.00000,0.00000,0.00002
48.30125,0.99750,0.99999,0.00000,0.00000,0.00001
48.40125,0.99750,1.00000,0.00000,0.00000,0.00000
48.50125,0.99750,0.99993,0.00000,0.00005,0.00002
48.60125,0.99750,0.99964,0.00000,0.00036,0.00000
48.70125,0.99750,0.99595,0.00000,0.00405,0.00000
48.80125,0.99750,0.94927,0.00000,0.05073,0.00000
48.90125,0.99750,0.38305,0.00007,0.61688,0.00000
49.00125,0.99750,0.02167,0.00003,0.97830,0.00000
49.10125,0.99750,0.02536,0.00002,0.97461,0.00001
49.20125,0.99750,0.29138,0.00003,0.70856,0.00003
49.30125,0.99750,0.96580,0.00002,0.03418,0.00000
49.40125,0.99750,0.99941,0.00014,0.00045,0.00000
49.50125,0.99750,0.99943,0.00053,0.00004,0.00000
49.60125,0.99750,0.99989,0.00010,0.00001,0.00000
49.70125,0.99750,0.99999,0.00001,0.00000,0.00000
49.80125,0.99750,1.00000,0.00000,0.00000,0.00000
49.90125,0.99750,1.00000,0.00000,0.00000,0.00000
50.00125,0.99750,1.00000,0.00000,0.00000,0.00000
50.10125,0.99750,1.00000,0.00000,0.00000,0.00000
50.20125,0.99750,1.00000,0.00000,0.00000,0.00000
50.30125,0.99750,1.00000,0.00000,0.00000,0.00000
50.40125,0.99750,0.99995,0.00000,0.00005,0.00000
50.50125,0.99750,0.99982,0.00000,0.00018,0.00000
50.60125,0.99750,0.99700,0.00001,0.00299,0.00000
50.70125,0.99750,0.93373,0.00014,0.06613,0.00000
50.80125,0.99750,0.27059,0.00094,0.72847,0.00000
50.90125,0.99750,0.02168,0.00019,0.97813,0.00000
51.00125,0.99750,0.02384,0.00028,0.97588,0.00000
51.10125,0.99750,0.31343,0.00138,0.68518,0.00001
51.20125,0.99750,0.96603,0.00069,0.03328,0.00000
51.30125,0.99750,0.99795,0.00121,0.00084,0.00000
51.40125,0.99750,0.99867,0.00130,0.00003,0.00000
51.50125,0.99750,0.99973,0.00025,0.00001,0.00000
51.60125,0.99750,0.99997,0.00003,0.00000,0.00000
51.70125,0.99750,1.00000,0.00000,0.00000,0.00000
51.80125,0.99750,1.00000,0.00000,0.00000,0.00000
51.90125,0.99750,1.00000,0.00000,0.00000,0.00000
52.00125,0.99750,1.00000,0.00000,0.00000,0.00000
52.10125,0.99750,1.00000,0.00000,0.00000,0.00000
52.20125,0.99750,0.99991,0.00000,0.00008,0.00001
52.30125,0.99750,0.99812,0.00000,0.00187,0.00000
52.40125,0.99750,0.99374,0.00000,0.00626,0.00000
52.50125,0.99750,0.93959,0.00000,0.06040,0.00000
52.60125,0.99750,0.48792,0.00000,0.51205,0.00003
52.70125,0.99750,0.03287,0.00000,0.96707,0.00007
52.80125,0.99750,0.04461,0.00000,0.95528,0.00011
52.90125,0.99750,0.47282,0.00000,0.52693,0.00025
53.00125,0.99750,0.97470,0.00000,0.02529,0.00001
53.10125,0.99750,0.99921,0.00000,0.00079,0.00000
53.20125,0.99750,0.99996,0.00000,0.00004,0.00000
53.30125,0.99750,1.00000,0.00000,0.00000,0.00000
53.40125,0.99750,1.00000,0.00000,0.00000,0.00000
53.50125,0.99750,1.00000,0.00000,0.00000,0.00000
53.60125,0.99750,1.00000,0.00000,0.00000,0.00000
53.70125,0.99750,1.00000,0.00000,0.00000,0.00000
53.80125,0.99750,1.00000,0.00000,0.00000,0.00000
53.90125,0.99750,1.00000,0.00000,0.00000,0.00000
54.00125,0.99750,0.99986,0.00000,0.00014,0.00000
54.10125,0.99750,0.99885,0.00000,0.00115,0.00000
54.20125,0.99750,0.98551,0.00000,0.01448,0.00000
54.30125,0.99750,0.72314,0.00002,0.27684,0.00000
54.40125,0.99750,0.07754,0.00002,0.92243,0.00000
54.50125,0.99750,0.02411,0.00001,0.97588,0.00000
54.60125,0.99750,0.07853,0.00001,0.92146,0.00000
54.70125,0.99750,0.53641,0.00001,0.46357,0.00000
54.80125,0.99750,0.96424,0.00000,0.03576,0.00000
54.90125,0.99750,0.99783,0.00001,0.00217,0.00000
55.00125,0.99750,0.99988,0.00001,0.00011,0.00000
55.10125,0.99750,0.99812,0.00000,0.00008,0.00179
55.20125,0.99750,0.99921,0.00000,0.00008,0.00071
55.30125,0.99750,0.99945,0.00000,0.00006,0.00049
55.40125,0.99750,0.99908,0.00000,0.00010,0.00083
55.50125,0.99750,0.99944,0.00000,0.00013,0.00043
55.60125,0.99750,0.99880,0.00000,0.00092,0.00027
55.70125,0.99750,0.99287,0.00000,0.00713,0.00000
55.80125,0.99750,0.92979,0.00000,0.07020,0.00000
55.90125,0.99750,0.70101,0.00000,0.29898,0.00000
56.00125,0.99750,0.26747,0.00001,0.73252,0.00000
56.10125,0.99750,0.27657,0.00000,0.72341,0.00001
56.20125,0.99750,0.59593,0.00001,0.40406,0.00000
56.30125,0.99750,0.81962,0.00002,0.18035,0.00000
56.40125,0.99750,0.94983,0.00001,0.05015,0.00001
56.50125,0.99750,0.99448,0.00003,0.00549,0.00000
56.60125,0.99750,0.99732,0.00028,0.00240,0.00000
56.70125,0.99750,0.98942,0.00025,0.00088,0.00945
56.80125,0.99750,0.95439,0.00005,0.00055,0.04501
56.90125,0.99750,0.98213,0.00000,0.00039,0.01747
57.00125,0.99750,0.99074,0.00000,0.00054,0.00871
57.10125,0.99750,0.94457,0.00003,0.00965,0.04575
57.20125,0.99750,0.78537,0.00000,0.04327,0.17135
57.30125,0.99750,0.80345,0.00000,0.11825,0.07831
57.40125,0.99750,0.60766,0.00000,0.39216,0.00019
57.50125,0.99750,0.70959,0.00000,0.29037,0.00003
57.60125,0.99750,0.47440,0.00000,0.52559,0.00000
57.70125,0.99750,0.07232,0.00000,0.92767,0.00001
57.80125,0.99750,0.07027,0.00000,0.92973,0.00000
57.90125,0.99750,0.07848,0.00001,0.92151,0.00000
58.00125,0.99750,0.12827,0.00001,0.87171,0.00001
58.10125,0.99750,0.71854,0.00001,0.28143,0.00001
58.20125,0.99750,0.98558,0.00002,0.01440,0.00000
58.30125,0.99750,0.99931,0.00006,0.00063,0.00000
58.40125,0.99750,0.99889,0.00002,0.00037,0.00072
58.50125,0.99750,0.99845,0.00004,0.00027,0.00125
58.60125,0.99750,0.99862,0.00003,0.00030,0.00105
58.70125,0.99750,0.99705,0.00003,0.00057,0.00235
58.80125,0.99750,0.99817,0.00000,0.00089,0.00093
58.90125,0.99750,0.99923,0.00000,0.00066,0.00011
59.00125,0.99750,0.99844,0.00000,0.00155,0.00000
59.10125,0.99750,0.95486,0.00000,0.04510,0.00005
59.20125,0.99750,0.79175,0.00000,0.20817,0.00008
59.30125,0.99750,0.34992,0.00000,0.65006,0.00002
59.40125,0.99750,0.04852,0.00000,0.95146,0.00001
59.50125,0.99750,0.03829,0.00000,0.96155,0.00016
59.60125,0.99750,0.29623,0.00000,0.70350,0.00027
59.70125,0.99750,0.82256,0.00000,0.17713,0.00031
59.80125,0.99750,0.98355,0.00001,0.01589,0.00056
59.90125,0.99750,0.99779,0.00003,0.00164,0.00054
60.00125,0.99750,0.99839,0.00001,0.00009,0.00151
60.10125,0.99750,0.99938,0.00002,0.00012,0.00049
60.20125,0.99750,0.99946,0.00001,0.00016,0.00037
60.30125,0.99750,0.99954,0.00001,0.00014,0.00031
60.40125,0.99750,0.99978,0.00000,0.00012,0.00010
60.50125,0.99750,0.99880,0.00000,0.00104,0.00015
60.60125,0.99750,0.99363,0.00000,0.00634,0.00003
60.70125,0.99750,0.97915,0.00000,0.02081,0.00004
60.80125,0.99750,0.88249,0.00000,0.11749,0.00002
60.90125,0.99750,0.23330,0.00005,0.76648,0.00017
61.00125,0.99750,0.03100,0.00001,0.96789,0.00109
61.10125,0.99750,0.03477,0.00001,0.96378,0.00144
61.20125,0.99750,0.06691,0.00002,0.92538,0.00769
61.30125,0.99750,0.31505,0.00008,0.66166,0.02321
61.40125,0.99750,0.90012,0.00056,0.09326,0.00607
61.50125,0.99750,0.99025,0.00518,0.00441,0.00016
61.60125,0.99750,0.87807,0.00116,0.00196,0.11881
61.70125,0.99750,0.96704,0.00058,0.00048,0.03190
61.80125,0.99750,0.97139,0.00002,0.00024,0.02835
61.90125,0.99750,0.97942,0.00001,0.00025,0.02032
62.00125,0.99750,0.98797,0.00000,0.00015,0.01187
62.10125,0.99750,0.99791,0.00000,0.00015,0.00194
62.20125,0.99750,0.99774,0.00000,0.00042,0.00184
62.30125,0.99750,0.99607,0.00000,0.00390,0.00002
62.40125,0.99750,0.97352,0.00000,0.02644,0.00004
62.50125,0.99750,0.83096,0.00001,0.16900,0.00003
62.60125,0.99750,0.26285,0.00004,0.73698,0.00013
62.70125,0.99750,0.04275,0.00003,0.95696,0.00027
62.80125,0.99750,0.11966,0.00005,0.87969,0.00060
62.90125,0.99750,0.75197,0.00005,0.24712,0.00086
63.00125,0.99750,0.99403,0.00001,0.00596,0.00000
63.10125,0.99750,0.99978,0.00002,0.00020,0.00000
63.20125,0.99751,0.99991,0.00008,0.00000,0.00000
63.30125,0.99750,0.99998,0.00001,0.00000,0.00000
63.40125,0.99750,0.99996,0.00002,0.00001,0.00000
63.50125,0.99750,0.99997,0.00001,0.00002,0.00000
63.60125,0.99750,0.99998,0.00000,0.00002,0.00000
63.70125,0.99751,0.99998,0.00000,0.00002,0.00000
63.80125,0.99750,0.99991,0.00000,0.00009,0.00000
63.90125,0.99750,0.99672,0.00001,0.00327,0.00000
64.00125,0.99750,0.90535,0.00006,0.09457,0.00001
64.10125,0.99750,0.38902,0.00025,0.61069,0.00004
64.20125,0.99751,0.02265,0.00010,0.97722,0.00002
64.30125,0.99751,0.03431,0.00013,0.96550,0.00007
64.40125,0.99750,0.54366,0.00032,0.45600,0.00002
64.50125,0.99750,0.97489,0.00009,0.02502,0.00000
64.60125,0.99750,0.99894,0.00061,0.00045,0.00000
64.70125,0.99751,0.99914,0.00085,0.00000,0.00000
64.80125,0.99751,0.99995,0.00005,0.00000,0.00000
64.90125,0.99750,1.00000,0.00000,0.00000,0.00000
65.00125,0.99750,1.00000,0.00000,0.00000,0.00000
65.10125,0.99750,1.00000,0.00000,0.00000,0.00000
65.20125,0.99751,1.00000,0.00000,0.00000,0.00000
65.30125,0.99751,1.00000,0.00000,0.00000,0.00000
65.40125,0.99750,1.00000,0.00000,0.00000,0.00000
65.50125,0.99750,1.00000,0.00000,0.00000,0.00000
65.60125,0.99750,1.00000,0.00000,0.00000,0.00000
65.70125,0.99751,1.00000,0.00000,0.00000,0.00000
65.80125,0.99751,1.00000,0.00000,0.00000,0.00000
65.90125,0.99750,1.00000,0.00000,0.00000,0.00000
66.00125,0.99750,1.00000,0.00000,0.00000,0.00000
66.10125,0.99750,1.00000,0.00000,0.00000,0.00000
66.20125,0.99751,1.00000,0.00000,0.00000,0.00000
66.30125,0.99751,1.00000,0.00000,0.00000,0.00000
66.40125,0.99750,0.99993,0.00000,0.00007,0.00000
66.50125,0.99750,0.99766,0.00002,0.00232,0.00000
66.60125,0.99750,0.92715,0.00022,0.07264,0.00000
66.70125,0.99751,0.26253,0.00134,0.73612,0.00001
66.80125,0.99751,0.02316,0.00023,0.97660,0.00001
66.90125,0.99750,0.03083,0.00015,0.96901,0.00000
67.00125,0.99750,0.05644,0.00040,0.94314,0.00002
67.10125,0.99750,0.72884,0.00161,0.26954,0.00001
67.20125,0.99751,0.98698,0.00381,0.00921,0.00000
67.30125,0.99751,0.99777,0.00200,0.00024,0.00000
67.40125,0.99750,0.99972,0.00025,0.00003,0.00000
67.50125,0.99750,0.99998,0.00002,0.00000,0.00000
67.60125,0.99750,1.00000,0.00000,0.00000,0.00000
67.70125,0.99751,1.00000,0.00000,0.00000,0.00000
67.80125,0.99751,1.00000,0.00000,0.00000,0.00000
67.90125,0.99750,1.00000,0.00000,0.00000,0.00000
68.00125,0.99750,1.00000,0.00000,0.00000,0.00000
68.10125,0.99750,1.00000,0.00000,0.00000,0.00000
68.20125,0.99751,1.00000,0.00000,0.00000,0.00000
68.30125,0.99751,1.00000,0.00000,0.00000,0.00000
68.40125,0.99750,1.00000,0.00000,0.00000,0.00000
68.50125,0.99750,1.00000,0.00000,0.00000,0.00000
68.60125,0.99750,0.99992,0.00000,0.00008,0.00000
68.70125,0.99751,0.99784,0.00000,0.00216,0.00000
68.80125,0.99751,0.93466,0.00000,0.06533,0.00001
68.90125,0.99750,0.26805,0.00002,0.73183,0.00010
69.00125,0.99750,0.02157,0.00000,0.97830,0.00012
69.10125,0.99750,0.03276,0.00000,0.96717,0.00006
69.20125,0.99751,0.05155,0.00001,0.94810,0.00034
69.30125,0.99751,0.48997,0.00002,0.50973,0.00028
69.40125,0.99750,0.97662,0.00027,0.02308,0.00003
69.50125,0.99750,0.99621,0.00334,0.00044,0.00000
69.60125,0.99750,0.99952,0.00035,0.00011,0.00002
69.70125,0.99751,0.99992,0.00007,0.00001,0.00000
69.80125,0.99751,0.99999,0.00001,0.00000,0.00000
69.90125,0.99750,1.00000,0.00000,0.00000,0.00000
70.00125,0.99750,1.00000,0.00000,0.00000,0.00000
70.10125,0.99750,1.00000,0.00000,0.00000,0.00000
70.20125,0.99751,1.00000,0.00000,0.00000,0.00000
70.30125,0.99751,1.00000,0.00000,0.00000,0.00000
70.40125,0.99750,1.00000,0.00000,0.00000,0.00000
70.50125,0.99750,1.00000,0.00000,0.00000,0.00000
70.60125,0.99750,1.00000,0.00000,0.00000,0.00000
70.70125,0.99751,1.00000,0.00000,0.00000,0.00000
70.80125,0.99751,1.00000,0.00000,0.00000,0.00000
70.90125,0.99750,0.99999,0.00000,0.00001,0.00000
71.00125,0.99750,0.99988,0.00000,0.00012,0.00000
71.10125,0.99750,0.99768,0.00000,0.00232,0.00000
71.20125,0.99751,0.92291,0.00000,0.07709,0.00000
71.30125,0.99751,0.20307,0.00000,0.79692,0.00000
71.40125,0.99750,0.04975,0.00000,0.95025,0.00000
71.50125,0.99750,0.04915,0.00000,0.95085,0.00000
71.60125,0.99750,0.21585,0.00001,0.78414,0.00000
71.70125,0.99751,0.91834,0.00001,0.08165,0.00000
71.80125,0.99751,0.99835,0.00004,0.00161,0.00000
71.90125,0.99750,0.99990,0.00004,0.00006,0.00000
72.00125,0.99750,0.99957,0.00043,0.00000,0.00000
72.10125,0.99750,0.99998,0.00002,0.00000,0.00000
72.20125,0.99751,1.00000,0.00000,0.00000,0.00000
72.30125,0.99751,1.00000,0.00000,0.00000,0.00000
72.40125,0.99750,1.00000,0.00000,0.00000,0.00000
72.50125,0.99750,1.00000,0.00000,0.00000,0.00000
72.60125,0.99750,1.00000,0.00000,0.00000,0.00000
72.70125,0.99751,1.00000,0.00000,0.00000,0.00000
72.80125,0.99751,1.00000,0.00000,0.00000,0.00000
72.90125,0.99750,1.00000,0.00000,0.00000,0.00000
73.00125,0.99750,1.00000,0.00000,0.00000,0.00000
73.10125,0.99750,1.00000,0.00000,0.00000,0.00000
73.20125,0.99751,0.99999,0.00000,0.00001,0.00000
73.30125,0.99751,0.99981,0.00000,0.00019,0.00000
73.40125,0.99750,0.99498,0.00000,0.00502,0.00000
73.50125,0.99750,0.84247,0.00003,0.15750,0.00000
73.60125,0.99750,0.09358,0.00006,0.90635,0.00002
73.70125,0.99751,0.02893,0.00001,0.97105,0.00001
73.80125,0.99751,0.10692,0.00003,0.89299,0.00006
73.90125,0.99750,0.65241,0.00003,0.34745,0.00011
74.00125,0.99750,0.98142,0.00001,0.01857,0.00000
74.10125,0.99750,0.99932,0.00003,0.00064,0.00000
74.20125,0.99751,0.99988,0.00010,0.00002,0.00000
74.30125,0.99751,0.99997,0.00003,0.00000,0.00000
74.40125,0.99750,0.99999,0.00001,0.00000,0.00000
74.50125,0.99750,1.00000,0.00000,0.00000,0.00000
74.60125,0.99750,1.00000,0.00000,0.00000,0.00000
74.70125,0.99751,1.00000,0.00000,0.00000,0.00000
74.80125,0.99751,1.00000,0.00000,0.00000,0.00000
74.90125,0.99750,1.00000,0.00000,0.00000,0.00000
75.00125,0.99750,0.99993,0.00000,0.00007,0.00000
75.10125,0.99750,0.99944,0.00000,0.00056,0.00000
75.20125,0.99751,0.99097,0.00000,0.00903,0.00000
75.30125,0.99751,0.91795,0.00000,0.08205,0.00000
75.40125,0.99750,0.55156,0.00000,0.44844,0.00000
75.50125,0.99750,0.03776,0.00000,0.96223,0.00000
75.60125,0.99750,0.01157,0.00000,0.98843,0.00000
75.70125,0.99751,0.05937,0.00000,0.94063,0.00000
75.80125,0.99751,0.48795,0.00000,0.51205,0.00000
75.90125,0.99750,0.96161,0.00000,0.03839,0.00000
76.00125,0.99750,0.99897,0.00006,0.00097,0.00000
76.10125,0.99750,0.99877,0.00003,0.00023,0.00097
76.20125,0.99751,0.99968,0.00002,0.00002,0.00029
76.30125,0.99751,1.00000,0.00000,0.00000,0.00000
76.40125,0.99750,1.00000,0.00000,0.00000,0.00000
76.50125,0.99750,1.00000,0.00000,0.00000,0.00000
76.60125,0.99750,1.00000,0.00000,0.00000,0.00000
76.70125,0.99751,1.00000,0.00000,0.00000,0.00000
76.80125,0.99751,1.00000,0.00000,0.00000,0.00000
76.90125,0.99750,1.00000,0.00000,0.00000,0.00000
77.00125,0.99750,1.00000,0.00000,0.00000,0.00000
77.10125,0.99750,1.00000,0.00000,0.00000,0.00000
77.20125,0.99751,0.99998,0.00000,0.00002,0.00000
77.30125,0.99751,0.99961,0.00000,0.00039,0.00000
77.40125,0.99750,0.99630,0.00000,0.00370,0.00000
77.50125,0.99750,0.95914,0.00000,0.04085,0.00001
77.60125,0.99750,0.43215,0.00004,0.56770,0.00011
77.70125,0.99751,0.03483,0.00001,0.96512,0.00003
77.80125,0.99751,0.03667,0.00001,0.96330,0.00002
77.90125,0.99750,0.08157,0.00003,0.91828,0.00012
78.00125,0.99750,0.83574,0.00004,0.16421,0.00001
78.10125,0.99750,0.99641,0.00018,0.00342,0.00000
78.20125,0.99751,0.99924,0.00071,0.00005,0.00000
78.30125,0.99751,0.99983,0.00016,0.00001,0.00000
78.40125,0.99750,0.99988,0.00012,0.00000,0.00000
78.50125,0.99750,0.99999,0.00001,0.00000,0.00000
78.60125,0.99750,1.00000,0.00000,0.00000,0.00000
78.70125,0.99751,1.00000,0.00000,0.00000,0.00000
78.80125,0.99751,1.00000,0.00000,0.00000,0.00000
78.90125,0.99750,1.00000,0.00000,0.00000,0.00000
79.00125,0.99750,0.99998,0.00000,0.00002,0.00000
79.10125,0.99750,0.99942,0.00000,0.00058,0.00000
79.20125,0.99751,0.98942,0.00000,0.01054,0.00004
79.30125,0.99751,0.88532,0.00000,0.11416,0.00051
79.40125,0.99750,0.26131,0.00001,0.73828,0.00040
79.50125,0.99750,0.03750,0.00000,0.96158,0.00092
79.60125,0.99750,0.03783,0.00000,0.96170,0.00047
79.70125,0.99751,0.07591,0.00002,0.92168,0.00240
79.80125,0.99751,0.69271,0.00003,0.30581,0.00145
79.90125,0.99750,0.97479,0.00008,0.02487,0.00026
80.00125,0.99750,0.99607,0.00018,0.00367,0.00009
80.10125,0.99750,0.99916,0.00024,0.00020,0.00040
80.20125,0.99751,0.99939,0.00053,0.00001,0.00006
80.30125,0.99751,0.99995,0.00004,0.00000,0.00001
80.40125,0.99750,0.99999,0.00001,0.00000,0.00000
80.50125,0.99750,1.00000,0.00000,0.00000,0.00000
80.60125,0.99750,1.00000,0.00000,0.00000,0.00000
80.70125,0.99751,1.00000,0.00000,0.00000,0.00000
80.80125,0.99751,0.99997,0.00000,0.00002,0.00001
80.90125,0.99750,0.99980,0.00000,0.00019,0.00001
81.00125,0.99750,0.99804,0.00000,0.00196,0.00000
81.10125,0.99750,0.98121,0.00000,0.01879,0.00000
81.20125,0.99751,0.61477,0.00000,0.38520,0.00002
81.30125,0.99751,0.05929,0.00000,0.94064,0.00006
81.40125,0.99750,0.04250,0.00000,0.95748,0.00002
81.50125,0.99750,0.02411,0.00000,0.97588,0.00001
81.60125,0.99750,0.02934,0.00000,0.97065,0.00001
81.70125,0.99751,0.16080,0.00001,0.83916,0.00002
81.80125,0.99751,0.64504,0.00020,0.35467,0.00009
81.90125,0.99750,0.96462,0.00076,0.03460,0.00002
82.00125,0.99750,0.98079,0.00044,0.00758,0.01119
82.10125,0.99750,0.99086,0.00043,0.00097,0.00775
82.20125,0.99751,0.99917,0.00004,0.00006,0.00073
82.30125,0.99751,0.99999,0.00001,0.00000,0.00000
82.40125,0.99750,1.00000,0.00000,0.00000,0.00000
82.50125,0.99750,1.00000,0.00000,0.00000,0.00000
82.60125,0.99750,1.00000,0.00000,0.00000,0.00000
82.70125,0.99751,1.00000,0.00000,0.00000,0.00000
82.80125,0.99751,1.00000,0.00000,0.00000,0.00000
82.90125,0.99750,1.00000,0.00000,0.00000,0.00000
83.00125,0.99750,0.99999,0.00000,0.00001,0.00000
83.10125,0.99750,0.99995,0.00000,0.00005,0.00000
83.20125,0.99751,0.99862,0.00000,0.00138,0.00000
83.30125,0.99751,0.95140,0.00000,0.04860,0.00000
83.40125,0.99750,0.32320,0.00001,0.67679,0.00000
83.50125,0.99750,0.01541,0.00000,0.98459,0.00000
83.60125,0.99750,0.01991,0.00000,0.98009,0.00000
83.70125,0.99751,0.17519,0.00001,0.82480,0.00001
83.80125,0.99751,0.90615,0.00002,0.09383,0.00000
83.90125,0.99750,0.99559,0.00012,0.00430,0.00000
84.00125,0.99750,0.99891,0.00068,0.00040,0.00000
84.10125,0.99750,0.99978,0.00017,0.00004,0.00001
84.20125,0.99751,0.99998,0.00002,0.00000,0.00000
84.30125,0.99751,1.00000,0.00000,0.00000,0.00000
84.40125,0.99750,1.00000,0.00000,0.00000,0.00000
84.50125,0.99750,1.00000,0.00000,0.00000,0.00000
84.60125,0.99750,1.00000,0.00000,0.00000,0.00000
84.70125,0.99751,1.00000,0.00000,0.00000,0.00000
84.80125,0.99751,1.00000,0.00000,0.00000,0.00000
84.90125,0.99750,0.99999,0.00000,0.00000,0.00000
85.00125,0.99750,0.99995,0.00000,0.00004,0.00000
85.10125,0.99750,0.99944,0.00000,0.00056,0.00000
85.20125,0.99751,0.98446,0.00000,0.01554,0.00000
85.30125,0.99751,0.66548,0.00007,0.33439,0.00005
85.40125,0.99750,0.08785,0.00013,0.91200,0.00002
85.50125,0.99750,0.03788,0.00008,0.96204,0.00000
85.60125,0.99750,0.05077,0.00019,0.94902,0.00002
85.70125,0.99751,0.66207,0.00029,0.33764,0.00000
85.80125,0.99751,0.97997,0.00007,0.01996,0.00000
85.90125,0.99750,0.99915,0.00031,0.00054,0.00000
86.00125,0.99750,0.99972,0.00026,0.00002,0.00000
86.10125,0.99750,0.99997,0.00003,0.00000,0.00000
86.20125,0.99751,1.00000,0.00000,0.00000,0.00000
86.30125,0.99751,1.00000,0.00000,0.00000,0.00000
86.40125,0.99750,1.00000,0.00000,0.00000,0.00000
86.50125,0.99750,1.00000,0.00000,0.00000,0.00000
86.60125,0.99750,1.00000,0.00000,0.00000,0.00000
86.70125,0.99751,1.00000,0.00000,0.00000,0.00000
86.80125,0.99751,1.00000,0.00000,0.00000,0.00000
86.90125,0.99750,1.00000,0.00000,0.00000,0.00000
87.00125,0.99750,1.00000,0.00000,0.00000,0.00000
87.10125,0.99750,1.00000,0.00000,0.00000,0.00000
87.20125,0.99751,0.99989,0.00000,0.00011,0.00000
87.30125,0.99751,0.99749,0.00000,0.00250,0.00000
87.40125,0.99750,0.96641,0.00000,0.03358,0.00000
87.50125,0.99750,0.50262,0.00003,0.49732,0.00002
87.60125,0.99750,0.02865,0.00003,0.97118,0.00014
87.70125,0.99751,0.02460,0.00002,0.97529,0.00009
87.80125,0.99751,0.12786,0.00006,0.87190,0.00018
87.90125,0.99750,0.69776,0.00005,0.30189,0.00029
88.00125,0.99750,0.98746,0.00002,0.01252,0.00000
88.10125,0.99750,0.99931,0.00002,0.00067,0.00000
88.20125,0.99751,0.99988,0.00011,0.00001,0.00000
88.30125,0.99751,0.99999,0.00001,0.00000,0.00000
88.40125,0.99750,1.00000,0.00000,0.00000,0.00000
88.50125,0.99750,1.00000,0.00000,0.00000,0.00000
88.60125,0.99750,1.00000,0.00000,0.00000,0.00000
88.70125,0.99751,1.00000,0.00000,0.00000,0.00000
88.80125,0.99751,1.00000,0.00000,0.00000,0.00000
88.90125,0.99750,1.00000,0.00000,0.00000,0.00000
89.00125,0.99750,1.00000,0.00000,0.00000,0.00000
89.10125,0.99750,1.00000,0.00000,0.00000,0.00000
89.20125,0.99751,1.00000,0.00000,0.00000,0.00000
89.30125,0.99751,0.99999,0.00000,0.00001,0.00000
89.40125,0.99750,0.99980,0.00000,0.00020,0.00000
89.50125,0.99750,0.99651,0.00000,0.00349,0.00000
89.60125,0.99750,0.89806,0.00000,0.10193,0.00001
89.70125,0.99751,0.13560,0.00000,0.86432,0.00008
89.80125,0.99751,0.02099,0.00000,0.97893,0.00008
89.90125,0.99750,0.02809,0.00000,0.97189,0.00002
90.00125,0.99750,0.06931,0.00000,0.93062,0.00007
90.10125,0.99750,0.19344,0.00000,0.80652,0.00004
90.20125,0.99751,0.29708,0.00000,0.70285,0.00007
90.30125,0.99751,0.93241,0.00035,0.06723,0.00000
90.40125,0.99750,0.97432,0.00014,0.02356,0.00197
90.50125,0.99750,0.99828,0.00007,0.00160,0.00005
