Time(Seconds),Length(Seconds),Label(string),Confidence(double),Comment(string)
2.0845512,0.6597324999999999,Uppercut_R,1,
3.7995392000000003,0.6789554999999999,Uppercut_R,1,
5.3121437,0.8475709,Uppercut_R,1,
6.9084023,0.9323279,Uppercut_R,1,
8.5874874,0.7309148999999999,Uppercut_R,1,
10.8760731,0.6955637000000001,Uppercut_R,1,
13.2720799,0.7143067000000001,Uppercut_R,1,
15.2500211,0.7047973000000001,Uppercut_R,1,
17.3906535,0.8110552,Uppercut_R,1,
19.2924935,0.7734977999999999,Uppercut_R,1,
21.2419066,0.7555821,Uppercut_R,1,
22.9921742,0.8417180999999998,Uppercut_R,1,
24.8617228,0.7659189,Uppercut_R,1,
26.9687302,0.8085017,Uppercut_R,1,
29.3257647,0.7509653000000002,Uppercut_R,1,
31.2515422,0.7371149,Uppercut_R,1,
33.1083435,0.8614927000000001,Uppercut_R,1,
35.1359664,0.8305539999999999,Uppercut_R,1,
37.1060529,0.8590822,Uppercut_R,1,
39.6757225,0.7422833,Uppercut_R,1,
41.7441407,0.7242962,Uppercut_R,1,
44.3857367,0.7596474,Uppercut_R,1,
46.278645,0.7897587,Uppercut_R,1,
49.0317751,0.8122910999999999,Uppercut_R,1,
50.7551693,0.7753567,Uppercut_R,1,
52.3373017,0.8438529,Uppercut_R,1,
53.919434,0.7919649999999999,Uppercut_R,1,
55.4874402,0.8351707999999999,Uppercut_R,1,
56.9492624,0.8147732,Uppercut_R,1,
58.4325115,0.8998060999999999,Uppercut_R,1,
60.0428962,0.8367541000000001,Uppercut_R,1,
61.7915092,0.7129278,Uppercut_R,1,
63.7368552,0.8118110999999999,Uppercut_R,1,
65.453219,0.7691567000000001,Uppercut_R,1,
66.9647192,0.7537231,Uppercut_R,1,
68.72173839999999,0.8264888,Uppercut_R,1,
70.3137135,0.7670812000000001,Uppercut_R,1,
73.6868117,1.0402293,Uppercut_R,1,
76.2094396,0.8018315,Uppercut_R,1,
77.9228893,0.800826,Uppercut_R,1,
79.5995777,0.7852132000000001,Uppercut_R,1,
81.33729,0.8775492,Uppercut_R,1,
83.04721500000001,0.7852132000000001,Uppercut_R,1,
84.7390944,0.8093892,Uppercut_R,1,
86.4417238,0.8743596,Uppercut_R,1,
88.4459564,0.8224828000000001,Uppercut_R,1,
90.3115984,0.7564203999999999,Uppercut_R,1,
91.9000594,0.8362577,Uppercut_R,1,
