Time(Seconds),Length(Seconds),Label(string),Confidence(double),Comment(string)
0.6675146,1.2612248,Uppercut_R,1,
2.4612567,1.0650343,Uppercut_R,1,
4.0868354,1.2892521,Uppercut_R,1,
5.7404414,1.3172793,Uppercut_R,1,
7.4220746,1.4574154,Uppercut_R,1,
9.2158167,1.0930615,Uppercut_R,1,
10.7292866,1.5134698,Uppercut_R,1,
12.5790831,1.0089799,Uppercut_R,1,
14.1766346,1.2612248,Uppercut_R,1,
15.9703767,1.2612248,Uppercut_R,1,
17.6239827,1.3453065,Uppercut_R,1,
19.2495614,1.3733337,Uppercut_R,1,
20.9580281,1.2051704,Uppercut_R,1,
22.6396613,1.3733337,Uppercut_R,1,
24.26524,1.4013609,Uppercut_R,1,
25.9749004,1.5695243,Uppercut_R,1,
27.7125881,1.2331976,Uppercut_R,1,
29.4222485,1.3453065,Uppercut_R,1,
31.0198,1.4293882,Uppercut_R,1,
32.925651,1.3453065,Uppercut_R,1,
34.579257,1.4293882,Uppercut_R,1,
36.372999,1.2329387,Uppercut_R,1,
37.9144961,1.149116,Uppercut_R,1,
39.5400749,1.2331976,Uppercut_R,1,
41.1814564,1.2051704,Uppercut_R,1,
42.8070351,1.3733337,Uppercut_R,1,
44.6288044,1.1771432,Uppercut_R,1,
46.2543832,1.3453065,Uppercut_R,1,
48.020098,1.1771432,Uppercut_R,1,
49.5615951,1.1771432,Uppercut_R,1,
51.1591466,1.3172793,Uppercut_R,1,
52.7006437,1.3733337,Uppercut_R,1,
54.4383314,1.149116,Uppercut_R,1,
56.0078557,1.3172793,Uppercut_R,1,
57.7175161,1.4293882,Uppercut_R,1,
