Time(Seconds),Length(Seconds),Label(string),Confidence(double),Comment(string)
2.0859179,1.2446644,Sidehook_R,1,
3.86401,1.2051512,Sidehook_R,1,
5.7606416,1.2347861,Sidehook_R,1,
7.8153257,1.3434473,Sidehook_R,1,
10.0374971,1.2227642,Sidehook_R,1,
12.0754376,1.7276051,Sidehook_R,1,
14.4552261,1.3148002,Sidehook_R,1,
16.5851999,1.4068363,Sidehook_R,1,
18.6231404,1.3673923,Sidehook_R,1,
20.5558968,1.4594283,Sidehook_R,1,
22.5412452,1.3410963,Sidehook_R,1,
24.8552938,1.3936883,Sidehook_R,1,
26.7749022,1.5383163,Sidehook_R,1,
28.7865439,1.2885042,Sidehook_R,1,
30.6404123,1.5251683,Sidehook_R,1,
32.6652048,1.3410963,Sidehook_R,1,
34.6111092,1.4199843,Sidehook_R,1,
36.6227536,1.5120203,Sidehook_R,1,
38.9630982,1.3148002,Sidehook_R,1,
41.0667764,1.4068363,Sidehook_R,1,
43.2756409,1.2359122,Sidehook_R,1,
45.4450614,1.3410963,Sidehook_R,1,
47.5487419,1.3673923,Sidehook_R,1,
49.507792,1.4068363,Sidehook_R,1,
51.5983245,1.3805402,Sidehook_R,1,
53.7940409,1.4331323,Sidehook_R,1,
56.0554974,1.2753562,Sidehook_R,1,
57.9751038,1.2753562,Sidehook_R,1,
59.9210082,1.3673922,Sidehook_R,1,
62.0772806,1.3410962,Sidehook_R,1,
64.3650331,1.4474181000000002,Sidehook_R,1,
67.8492539,1.4068363,Sidehook_R,1,
69.9266364,1.3016522,Sidehook_R,1,
72.0829089,1.4199843,Sidehook_R,1,
74.1602933,1.4068363,Sidehook_R,1,
76.4086018,1.3542443,Sidehook_R,1,
78.551724,1.3410962,Sidehook_R,1,
80.6028124,1.5120203,Sidehook_R,1,
83.7714811,1.3016522,Sidehook_R,1,
85.6122015,1.4956983000000001,Sidehook_R,1,
87.689586,1.3016522,Sidehook_R,1,
89.766968,1.2227642,Sidehook_R,1,
91.5419484,1.3279482,Sidehook_R,1,
93.4221128,1.2753562,Sidehook_R,1,
95.3022772,1.2359122,Sidehook_R,1,
97.2613297,1.2753562,Sidehook_R,1,
100.9822118,1.4725763,Sidehook_R,1,
103.0201522,1.2885042,Sidehook_R,1,
105.1106847,1.3016522,Sidehook_R,1,
107.1486251,1.2359122,Sidehook_R,1,
109.1471216,1.3702315999999999,Sidehook_R,1,
111.2376541,1.2753562,Sidehook_R,1,
114.800762,1.3410963,Sidehook_R,1,
117.2068466,1.4725763,Sidehook_R,1,
119.3894151,1.3148002,Sidehook_R,1,
122.9130799,1.2096162,Sidehook_R,1,
124.9773143,1.3148002,Sidehook_R,1,
127.1467348,1.4462803,Sidehook_R,1,
129.4607833,1.3016522,Sidehook_R,1,
131.4987237,1.4462803,Sidehook_R,1,
133.7338842,1.3805403,Sidehook_R,1,
136.1531147,1.4246144,Sidehook_R,1,
140.1764036,1.4988723,Sidehook_R,1,
142.4773019,1.3354176,Sidehook_R,1,
144.7256104,1.3673922,Sidehook_R,1,
147.552431,1.3805403,Sidehook_R,1,
151.1418345,1.3805403,Sidehook_R,1,
153.429587,1.3410963,Sidehook_R,1,
155.9802996,1.3805403,Sidehook_R,1,
158.4784201,1.3148002,Sidehook_R,1,
160.5820984,1.2490602,Sidehook_R,1,
162.7383709,1.1701722,Sidehook_R,1,
167.5110951,1.3279482,Sidehook_R,1,
170.3116197,1.3936883,Sidehook_R,1,
173.0595524,1.3805403,Sidehook_R,1,
175.2552666,1.2622082,Sidehook_R,1,
177.6744992,1.3805403,Sidehook_R,1,
180.4224318,1.3673923,Sidehook_R,1,
182.6707371,1.3542442,Sidehook_R,1,
185.2871897,1.3279482,Sidehook_R,1,
194.6880088,1.4725763,Sidehook_R,1,
197.1729814,1.4199843,Sidehook_R,1,
199.697398,1.3148002,Sidehook_R,1,
201.8668174,1.3016522,Sidehook_R,1,
203.9047578,1.369183,Sidehook_R,1,
205.8243663,1.2096162,Sidehook_R,1,
