Time(Seconds),Length(Seconds),Label(string),Confidence(double),Comment(string)
3.8515671,1.6721334,Sidehook_R,1,
6.3733314,1.4993294,Sidehook_R,1,
9.2991538,1.4942469,Sidehook_R,1,
11.3939875,1.5958964,Sidehook_R,1,
14.6705004,1.4891644,Sidehook_R,1,
16.7975251,1.5349067,Sidehook_R,1,
18.9897753,1.4688345,Sidehook_R,1,
21.0354804,1.3366903,Sidehook_R,1,
23.4014848,1.4586696,Sidehook_R,1,
25.5056284,1.5349067,Sidehook_R,1,
27.7182085,1.5654015,Sidehook_R,1,
30.7787178,1.473917,Sidehook_R,1,
33.3563893,1.3061954,Sidehook_R,1,
35.0937512,1.4332572,Sidehook_R,1,
37.2656772,1.6365561,Sidehook_R,1,
39.242759,1.3976799,Sidehook_R,1,
41.7586,1.5501541,Sidehook_R,1,
43.621333,1.6111438,Sidehook_R,1,
46.4827764,1.5958963,Sidehook_R,1,
48.5903121,1.5196592,Sidehook_R,1,
50.7790851,1.5048957,Sidehook_R,1,
52.65631,1.5145768,Sidehook_R,1,
54.7519933,1.6060613,Sidehook_R,1,
56.7248505,1.5908139,Sidehook_R,1,
58.6460252,1.4230923,Sidehook_R,1,
60.6520348,1.3713835,Sidehook_R,1,
62.7616076,1.3204026999999998,Sidehook_R,1,
64.6349116,0.2039232,Sidehook_R,1,
64.6349116,1.340795,Sidehook_R,1,
66.719648,1.5447182,Sidehook_R,1,
68.8852998,1.5396201,Sidehook_R,1,
70.8887427,1.4172663,Sidehook_R,1,
72.856342,1.4376586,Sidehook_R,1,
75.0270917,1.3204027,Sidehook_R,1,
76.9516524,1.5855028,Sidehook_R,1,
78.839045,1.5294240000000001,Sidehook_R,1,
81.0449298,1.4886393,Sidehook_R,1,
83.1952873,1.4223642,Sidehook_R,1,
