Time(Seconds),Length(Seconds),Label(string),Confidence(double),Comment(string)
1.9783648,1.1583469,Uppercut_R,1,
3.7441376,0.9605803,Uppercut_R,1,
5.3121437,0.8475709,Uppercut_R,1,
6.9084023,0.9323279,Uppercut_R,1,
8.4905346,1.2572301,Uppercut_R,1,
10.8299051,1.1018421,Uppercut_R,1,
13.1889775,1.1159683,Uppercut_R,1,
15.1807691,1.1018421,Uppercut_R,1,
17.2290655,1.3419872,Uppercut_R,1,
19.2417087,1.0735898,Uppercut_R,1,
21.1911218,1.1018421,Uppercut_R,1,
22.8721374,1.2572301,Uppercut_R,1,
24.7509196,1.1583469,Uppercut_R,1,
26.9687302,0.9747065,Uppercut_R,1,
29.2518959,1.1018421,Uppercut_R,1,
31.1730566,1.1018421,Uppercut_R,1,
33.1083435,1.0877159,Uppercut_R,1,
35.0436304,1.1583468,Uppercut_R,1,
37.1060529,1.2007254,Uppercut_R,1,
39.6110873,1.1300945,Uppercut_R,1,
41.7441407,0.9182018,Uppercut_R,1,
44.3857367,1.0735898,Uppercut_R,1,
46.278645,0.9605803,Uppercut_R,1,
49.0317751,0.9323279,Uppercut_R,1,
50.7551693,0.9323279,Uppercut_R,1,
52.3373017,1.1300945,Uppercut_R,1,
53.919434,1.0735898,Uppercut_R,1,
55.4874402,1.1583468,Uppercut_R,1,
56.9492624,1.0594636,Uppercut_R,1,
58.4325115,1.1583469,Uppercut_R,1,
60.0428962,1.0029589,Uppercut_R,1,
61.6391548,1.0453374,Uppercut_R,1,
63.6168184,1.1442207,Uppercut_R,1,
65.453219,1.0877159,Uppercut_R,1,
66.9647192,1.2431039,Uppercut_R,1,
68.5185992,1.1865992,Uppercut_R,1,
70.1982935,1.1087244,Uppercut_R,1,
71.9893099,1.0021163,Uppercut_R,1,
73.5990925,1.1833501,Uppercut_R,1,
76.2094396,1.0234379,Uppercut_R,1,
77.7659181,1.1193852,Uppercut_R,1,
79.5995777,1.1407068,Uppercut_R,1,
81.33729,1.1407068,Uppercut_R,1,
82.9364118,1.1407068,Uppercut_R,1,
84.6421416,1.18335,Uppercut_R,1,
86.4417238,1.1513676,Uppercut_R,1,
88.4459564,1.1087244,Uppercut_R,1,
90.3115984,1.0980636,Uppercut_R,1,
91.9000594,1.5564785,Uppercut_R,1,
