Time (seconds), Duration (seconds),pred_(unlabeled),pred_Jab_R,pred_Sidehook_R,pred_Uppercut_R
0.00125,0.99750,1.00000,0.00000,0.00000,0.00000
0.10125,0.99750,1.00000,0.00000,0.00000,0.00000
0.20125,0.99750,1.00000,0.00000,0.00000,0.00000
0.30125,0.99750,1.00000,0.00000,0.00000,0.00000
0.40125,0.99750,1.00000,0.00000,0.00000,0.00000
0.50125,0.99750,1.00000,0.00000,0.00000,0.00000
0.60125,0.99750,1.00000,0.00000,0.00000,0.00000
0.70125,0.99750,1.00000,0.00000,0.00000,0.00000
0.80125,0.99750,1.00000,0.00000,0.00000,0.00000
0.90125,0.99750,1.00000,0.00000,0.00000,0.00000
1.00125,0.99750,1.00000,0.00000,0.00000,0.00000
1.10125,0.99750,1.00000,0.00000,0.00000,0.00000
1.20125,0.99750,1.00000,0.00000,0.00000,0.00000
1.30125,0.99750,1.00000,0.00000,0.00000,0.00000
1.40125,0.99750,0.99999,0.00001,0.00000,0.00000
1.50125,0.99750,0.99996,0.00004,0.00000,0.00000
1.60125,0.99750,0.99994,0.00002,0.00004,0.00000
1.70125,0.99750,0.99863,0.00018,0.00119,0.00000
1.80125,0.99750,0.94872,0.00108,0.05020,0.00000
1.90125,0.99750,0.28574,0.00453,0.70973,0.00000
2.00125,0.99750,0.02171,0.00321,0.97508,0.00000
2.10125,0.99750,0.01420,0.00163,0.98417,0.00000
2.20125,0.99750,0.01493,0.00312,0.98194,0.00000
2.30125,0.99750,0.22298,0.00520,0.77181,0.00000
2.40125,0.99750,0.92258,0.00209,0.07534,0.00000
2.50125,0.99750,0.99638,0.00044,0.00318,0.00000
2.60125,0.99750,0.99926,0.00066,0.00008,0.00000
2.70125,0.99750,0.99986,0.00014,0.00000,0.00000
2.80125,0.99750,0.99999,0.00001,0.00000,0.00000
2.90125,0.99750,1.00000,0.00000,0.00000,0.00000
3.00125,0.99750,1.00000,0.00000,0.00000,0.00000
3.10125,0.99750,1.00000,0.00000,0.00000,0.00000
3.20125,0.99750,1.00000,0.00000,0.00000,0.00000
3.30125,0.99750,1.00000,0.00000,0.00000,0.00000
3.40125,0.99750,0.99998,0.00000,0.00002,0.00000
3.50125,0.99750,0.99915,0.00000,0.00085,0.00000
3.60125,0.99750,0.96885,0.00000,0.03115,0.00000
3.70125,0.99750,0.38977,0.00001,0.61022,0.00000
3.80125,0.99750,0.02086,0.00001,0.97913,0.00000
3.90125,0.99750,0.00614,0.00000,0.99386,0.00000
4.00125,0.99750,0.01278,0.00000,0.98721,0.00000
4.10125,0.99750,0.14948,0.00000,0.85052,0.00000
4.20125,0.99750,0.83508,0.00000,0.16492,0.00000
4.30125,0.99750,0.99299,0.00001,0.00700,0.00000
4.40125,0.99750,0.99971,0.00023,0.00006,0.00000
4.50125,0.99750,0.99995,0.00004,0.00000,0.00000
4.60125,0.99750,0.99999,0.00001,0.00000,0.00000
4.70125,0.99750,1.00000,0.00000,0.00000,0.00000
4.80125,0.99750,1.00000,0.00000,0.00000,0.00000
4.90125,0.99750,1.00000,0.00000,0.00000,0.00000
5.00125,0.99750,1.00000,0.00000,0.00000,0.00000
5.10125,0.99750,1.00000,0.00000,0.00000,0.00000
5.20125,0.99750,1.00000,0.00000,0.00000,0.00000
5.30125,0.99750,1.00000,0.00000,0.00000,0.00000
5.40125,0.99750,1.00000,0.00000,0.00000,0.00000
5.50125,0.99750,1.00000,0.00000,0.00000,0.00000
5.60125,0.99750,0.99999,0.00001,0.00000,0.00000
5.70125,0.99750,0.99999,0.00000,0.00000,0.00000
5.80125,0.99750,0.99985,0.00001,0.00014,0.00000
5.90125,0.99750,0.99418,0.00016,0.00567,0.00000
6.00125,0.99750,0.81335,0.00147,0.18518,0.00000
6.10125,0.99750,0.11433,0.00150,0.88416,0.00001
6.20125,0.99750,0.02677,0.00134,0.97189,0.00000
6.30125,0.99750,0.02878,0.00167,0.96954,0.00000
6.40125,0.99750,0.17908,0.00350,0.81743,0.00000
6.50125,0.99750,0.83518,0.00148,0.16334,0.00000
6.60125,0.99750,0.99365,0.00019,0.00615,0.00000
6.70125,0.99750,0.99912,0.00073,0.00014,0.00000
6.80125,0.99750,0.99989,0.00010,0.00001,0.00000
6.90125,0.99750,0.99999,0.00001,0.00000,0.00000
7.00125,0.99750,1.00000,0.00000,0.00000,0.00000
7.10125,0.99750,1.00000,0.00000,0.00000,0.00000
7.20125,0.99750,1.00000,0.00000,0.00000,0.00000
7.30125,0.99750,1.00000,0.00000,0.00000,0.00000
7.40125,0.99750,1.00000,0.00000,0.00000,0.00000
7.50125,0.99750,1.00000,0.00000,0.00000,0.00000
7.60125,0.99750,1.00000,0.00000,0.00000,0.00000
7.70125,0.99750,1.00000,0.00000,0.00000,0.00000
7.80125,0.99750,1.00000,0.00000,0.00000,0.00000
7.90125,0.99750,1.00000,0.00000,0.00000,0.00000
8.00125,0.99750,0.99999,0.00000,0.00000,0.00000
8.10125,0.99750,0.99986,0.00000,0.00013,0.00000
8.20125,0.99750,0.99475,0.00005,0.00520,0.00000
8.30125,0.99750,0.80768,0.00029,0.19203,0.00000
8.40125,0.99750,0.08135,0.00018,0.91847,0.00000
8.50125,0.99750,0.01104,0.00006,0.98890,0.00000
8.60125,0.99750,0.01175,0.00004,0.98821,0.00000
8.70125,0.99750,0.01047,0.00004,0.98949,0.00000
8.80125,0.99750,0.06930,0.00025,0.93045,0.00000
8.90125,0.99750,0.76720,0.00130,0.23151,0.00000
9.00125,0.99750,0.98829,0.00751,0.00420,0.00000
9.10125,0.99750,0.99871,0.00084,0.00045,0.00000
9.20125,0.99750,0.99987,0.00011,0.00002,0.00000
9.30125,0.99750,0.99999,0.00001,0.00000,0.00000
9.40125,0.99750,1.00000,0.00000,0.00000,0.00000
9.50125,0.99750,1.00000,0.00000,0.00000,0.00000
9.60125,0.99750,1.00000,0.00000,0.00000,0.00000
9.70125,0.99750,1.00000,0.00000,0.00000,0.00000
9.80125,0.99750,1.00000,0.00000,0.00000,0.00000
9.90125,0.99750,1.00000,0.00000,0.00000,0.00000
10.00125,0.99750,1.00000,0.00000,0.00000,0.00000
10.10125,0.99750,1.00000,0.00000,0.00000,0.00000
10.20125,0.99750,1.00000,0.00000,0.00000,0.00000
10.30125,0.99750,0.99999,0.00000,0.00000,0.00000
10.40125,0.99750,0.99992,0.00000,0.00008,0.00000
10.50125,0.99750,0.99797,0.00000,0.00202,0.00000
10.60125,0.99750,0.94976,0.00000,0.05024,0.00000
10.70125,0.99750,0.22440,0.00000,0.77560,0.00000
10.80125,0.99750,0.02105,0.00000,0.97895,0.00000
10.90125,0.99750,0.01199,0.00000,0.98801,0.00000
11.00125,0.99750,0.00975,0.00000,0.99025,0.00000
11.10125,0.99750,0.16105,0.00000,0.83895,0.00000
11.20125,0.99750,0.71970,0.00000,0.28029,0.00000
11.30125,0.99750,0.97338,0.00001,0.02660,0.00000
11.40125,0.99750,0.99908,0.00039,0.00054,0.00000
11.50125,0.99750,0.99982,0.00015,0.00003,0.00000
11.60125,0.99750,0.99999,0.00001,0.00000,0.00000
11.70125,0.99750,1.00000,0.00000,0.00000,0.00000
11.80125,0.99750,1.00000,0.00000,0.00000,0.00000
11.90125,0.99750,1.00000,0.00000,0.00000,0.00000
12.00125,0.99750,1.00000,0.00000,0.00000,0.00000
12.10125,0.99750,1.00000,0.00000,0.00000,0.00000
12.20125,0.99750,1.00000,0.00000,0.00000,0.00000
12.30125,0.99750,1.00000,0.00000,0.00000,0.00000
12.40125,0.99750,0.99997,0.00001,0.00002,0.00000
12.50125,0.99750,0.99926,0.00000,0.00074,0.00000
12.60125,0.99750,0.97599,0.00000,0.02401,0.00000
12.70125,0.99750,0.46859,0.00001,0.53141,0.00000
12.80125,0.99750,0.03100,0.00000,0.96900,0.00000
12.90125,0.99750,0.01257,0.00000,0.98743,0.00000
13.00125,0.99750,0.01830,0.00000,0.98170,0.00000
13.10125,0.99750,0.02877,0.00000,0.97123,0.00000
13.20125,0.99750,0.23750,0.00000,0.76249,0.00000
13.30125,0.99750,0.85441,0.00001,0.14558,0.00000
13.40125,0.99750,0.98958,0.00007,0.01035,0.00000
13.50125,0.99750,0.99957,0.00023,0.00020,0.00000
13.60125,0.99750,0.99990,0.00009,0.00001,0.00000
13.70125,0.99750,0.99999,0.00001,0.00000,0.00000
13.80125,0.99750,1.00000,0.00000,0.00000,0.00000
13.90125,0.99750,1.00000,0.00000,0.00000,0.00000
14.00125,0.99750,1.00000,0.00000,0.00000,0.00000
14.10125,0.99750,1.00000,0.00000,0.00000,0.00000
14.20125,0.99750,1.00000,0.00000,0.00000,0.00000
14.30125,0.99750,1.00000,0.00000,0.00000,0.00000
14.40125,0.99750,1.00000,0.00000,0.00000,0.00000
14.50125,0.99750,1.00000,0.00000,0.00000,0.00000
14.60125,0.99750,1.00000,0.00000,0.00000,0.00000
14.70125,0.99750,0.99997,0.00003,0.00000,0.00000
14.80125,0.99750,0.99984,0.00000,0.00016,0.00000
14.90125,0.99750,0.99521,0.00002,0.00477,0.00000
15.00125,0.99750,0.86757,0.00021,0.13221,0.00000
15.10125,0.99750,0.25328,0.00015,0.74656,0.00000
15.20125,0.99750,0.04116,0.00008,0.95877,0.00000
15.30125,0.99750,0.04579,0.00005,0.95416,0.00000
15.40125,0.99750,0.04619,0.00005,0.95377,0.00000
15.50125,0.99750,0.16521,0.00018,0.83461,0.00000
15.60125,0.99750,0.70657,0.00032,0.29311,0.00000
15.70125,0.99750,0.96740,0.00057,0.03203,0.00000
15.80125,0.99750,0.99846,0.00079,0.00076,0.00000
15.90125,0.99750,0.99948,0.00048,0.00004,0.00000
16.00125,0.99750,0.99991,0.00009,0.00000,0.00000
16.10125,0.99750,0.99999,0.00001,0.00000,0.00000
16.20125,0.99750,1.00000,0.00000,0.00000,0.00000
16.30125,0.99750,1.00000,0.00000,0.00000,0.00000
16.40125,0.99750,1.00000,0.00000,0.00000,0.00000
16.50125,0.99750,1.00000,0.00000,0.00000,0.00000
16.60125,0.99750,1.00000,0.00000,0.00000,0.00000
16.70125,0.99750,0.99999,0.00000,0.00001,0.00000
16.80125,0.99750,0.99991,0.00000,0.00009,0.00000
16.90125,0.99750,0.99807,0.00000,0.00193,0.00000
17.00125,0.99750,0.93037,0.00000,0.06963,0.00000
17.10125,0.99750,0.19102,0.00000,0.80898,0.00000
17.20125,0.99750,0.01922,0.00000,0.98078,0.00000
17.30125,0.99750,0.01716,0.00000,0.98284,0.00000
17.40125,0.99750,0.01878,0.00000,0.98122,0.00000
17.50125,0.99750,0.02076,0.00001,0.97923,0.00000
17.60125,0.99750,0.34210,0.00006,0.65784,0.00000
17.70125,0.99750,0.91885,0.00007,0.08109,0.00000
17.80125,0.99750,0.99871,0.00069,0.00061,0.00000
17.90125,0.99750,0.99975,0.00015,0.00010,0.00000
18.00125,0.99750,0.99990,0.00010,0.00000,0.00000
18.10125,0.99750,0.99999,0.00001,0.00000,0.00000
18.20125,0.99750,1.00000,0.00000,0.00000,0.00000
18.30125,0.99750,1.00000,0.00000,0.00000,0.00000
18.40125,0.99750,1.00000,0.00000,0.00000,0.00000
18.50125,0.99750,1.00000,0.00000,0.00000,0.00000
18.60125,0.99750,1.00000,0.00000,0.00000,0.00000
18.70125,0.99750,1.00000,0.00000,0.00000,0.00000
18.80125,0.99750,1.00000,0.00000,0.00000,0.00000
18.90125,0.99750,0.99999,0.00000,0.00001,0.00000
19.00125,0.99750,0.99950,0.00000,0.00050,0.00000
19.10125,0.99750,0.99206,0.00000,0.00794,0.00000
19.20125,0.99750,0.77976,0.00000,0.22024,0.00000
19.30125,0.99750,0.09098,0.00000,0.90902,0.00000
19.40125,0.99750,0.01638,0.00000,0.98362,0.00000
19.50125,0.99750,0.02063,0.00000,0.97937,0.00000
19.60125,0.99750,0.05553,0.00000,0.94447,0.00000
19.70125,0.99750,0.49031,0.00000,0.50969,0.00000
19.80125,0.99750,0.96153,0.00001,0.03846,0.00000
19.90125,0.99750,0.99936,0.00015,0.00050,0.00000
20.00125,0.99750,0.99990,0.00006,0.00005,0.00000
20.10125,0.99750,0.99998,0.00002,0.00000,0.00000
20.20125,0.99750,1.00000,0.00000,0.00000,0.00000
20.30125,0.99750,1.00000,0.00000,0.00000,0.00000
20.40125,0.99750,1.00000,0.00000,0.00000,0.00000
20.50125,0.99750,1.00000,0.00000,0.00000,0.00000
20.60125,0.99750,1.00000,0.00000,0.00000,0.00000
20.70125,0.99750,1.00000,0.00000,0.00000,0.00000
20.80125,0.99750,0.99999,0.00000,0.00001,0.00000
20.90125,0.99750,0.99966,0.00000,0.00034,0.00000
21.00125,0.99750,0.99169,0.00000,0.00829,0.00001
21.10125,0.99750,0.87495,0.00000,0.12491,0.00015
21.20125,0.99750,0.19775,0.00000,0.80224,0.00001
21.30125,0.99750,0.04289,0.00000,0.95711,0.00000
21.40125,0.99750,0.05314,0.00000,0.94686,0.00000
21.50125,0.99750,0.05149,0.00000,0.94851,0.00000
21.60125,0.99750,0.08174,0.00000,0.91825,0.00000
21.70125,0.99750,0.60229,0.00001,0.39770,0.00000
21.80125,0.99750,0.93813,0.00002,0.06185,0.00000
21.90125,0.99750,0.99790,0.00139,0.00071,0.00000
22.00125,0.99750,0.99942,0.00044,0.00014,0.00000
22.10125,0.99750,0.99990,0.00009,0.00001,0.00000
22.20125,0.99750,1.00000,0.00000,0.00000,0.00000
22.30125,0.99750,1.00000,0.00000,0.00000,0.00000
22.40125,0.99750,1.00000,0.00000,0.00000,0.00000
22.50125,0.99750,1.00000,0.00000,0.00000,0.00000
22.60125,0.99750,1.00000,0.00000,0.00000,0.00000
22.70125,0.99750,1.00000,0.00000,0.00000,0.00000
22.80125,0.99750,1.00000,0.00000,0.00000,0.00000
22.90125,0.99750,1.00000,0.00000,0.00000,0.00000
23.00125,0.99750,1.00000,0.00000,0.00000,0.00000
23.10125,0.99750,1.00000,0.00000,0.00000,0.00000
23.20125,0.99750,1.00000,0.00000,0.00000,0.00000
23.30125,0.99750,1.00000,0.00000,0.00000,0.00000
23.40125,0.99750,1.00000,0.00000,0.00000,0.00000
23.50125,0.99750,0.99991,0.00000,0.00009,0.00000
23.60125,0.99750,0.99753,0.00000,0.00246,0.00000
23.70125,0.99750,0.95959,0.00000,0.04041,0.00000
23.80125,0.99750,0.57889,0.00000,0.42111,0.00000
23.90125,0.99750,0.03215,0.00000,0.96785,0.00000
24.00125,0.99750,0.01102,0.00000,0.98898,0.00000
24.10125,0.99750,0.01297,0.00000,0.98703,0.00000
24.20125,0.99750,0.01610,0.00000,0.98390,0.00000
24.30125,0.99750,0.18558,0.00001,0.81441,0.00000
24.40125,0.99750,0.89899,0.00015,0.10086,0.00000
24.50125,0.99750,0.99721,0.00076,0.00203,0.00000
24.60125,0.99750,0.99944,0.00037,0.00019,0.00000
24.70125,0.99750,0.99993,0.00007,0.00000,0.00000
24.80125,0.99750,0.99999,0.00001,0.00000,0.00000
24.90125,0.99750,1.00000,0.00000,0.00000,0.00000
25.00125,0.99750,1.00000,0.00000,0.00000,0.00000
25.10125,0.99750,1.00000,0.00000,0.00000,0.00000
25.20125,0.99750,1.00000,0.00000,0.00000,0.00000
25.30125,0.99750,1.00000,0.00000,0.00000,0.00000
25.40125,0.99750,1.00000,0.00000,0.00000,0.00000
25.50125,0.99750,1.00000,0.00000,0.00000,0.00000
25.60125,0.99750,1.00000,0.00000,0.00000,0.00000
25.70125,0.99750,1.00000,0.00000,0.00000,0.00000
25.80125,0.99750,1.00000,0.00000,0.00000,0.00000
25.90125,0.99750,1.00000,0.00000,0.00000,0.00000
26.00125,0.99750,1.00000,0.00000,0.00000,0.00000
26.10125,0.99750,0.99995,0.00000,0.00005,0.00000
26.20125,0.99750,0.99933,0.00000,0.00066,0.00000
26.30125,0.99750,0.98667,0.00000,0.01331,0.00002
26.40125,0.99750,0.63992,0.00000,0.36007,0.00001
26.50125,0.99750,0.04147,0.00000,0.95852,0.00000
26.60125,0.99750,0.03202,0.00000,0.96798,0.00000
26.70125,0.99750,0.03637,0.00000,0.96363,0.00000
26.80125,0.99750,0.04577,0.00000,0.95423,0.00000
26.90125,0.99750,0.33143,0.00000,0.66857,0.00000
27.00125,0.99750,0.85930,0.00003,0.14067,0.00000
27.10125,0.99750,0.99854,0.00027,0.00119,0.00000
27.20125,0.99750,0.99928,0.00025,0.00047,0.00000
27.30125,0.99750,0.99990,0.00008,0.00002,0.00000
27.40125,0.99750,0.99999,0.00001,0.00000,0.00000
27.50125,0.99750,1.00000,0.00000,0.00000,0.00000
27.60125,0.99750,1.00000,0.00000,0.00000,0.00000
27.70125,0.99750,1.00000,0.00000,0.00000,0.00000
27.80125,0.99750,1.00000,0.00000,0.00000,0.00000
27.90125,0.99750,1.00000,0.00000,0.00000,0.00000
28.00125,0.99750,1.00000,0.00000,0.00000,0.00000
28.10125,0.99750,1.00000,0.00000,0.00000,0.00000
28.20125,0.99750,1.00000,0.00000,0.00000,0.00000
28.30125,0.99750,1.00000,0.00000,0.00000,0.00000
28.40125,0.99750,1.00000,0.00000,0.00000,0.00000
28.50125,0.99750,0.99999,0.00001,0.00000,0.00000
28.60125,0.99750,0.99992,0.00000,0.00008,0.00000
28.70125,0.99750,0.99726,0.00001,0.00273,0.00000
28.80125,0.99750,0.89632,0.00005,0.10362,0.00000
28.90125,0.99750,0.16045,0.00002,0.83953,0.00000
29.00125,0.99750,0.01203,0.00000,0.98797,0.00000
29.10125,0.99750,0.01069,0.00000,0.98931,0.00000
29.20125,0.99750,0.01651,0.00000,0.98349,0.00000
29.30125,0.99750,0.04333,0.00000,0.95667,0.00000
29.40125,0.99750,0.11489,0.00000,0.88511,0.00000
29.50125,0.99750,0.31377,0.00000,0.68623,0.00000
29.60125,0.99750,0.77683,0.00004,0.22313,0.00000
29.70125,0.99750,0.98181,0.00001,0.01818,0.00001
29.80125,0.99750,0.99891,0.00000,0.00104,0.00004
29.90125,0.99750,0.99980,0.00000,0.00009,0.00011
30.00125,0.99750,0.99980,0.00000,0.00001,0.00020
30.10125,0.99750,0.99977,0.00000,0.00000,0.00023
30.20125,0.99750,0.99999,0.00000,0.00000,0.00001
30.30125,0.99750,1.00000,0.00000,0.00000,0.00000
30.40125,0.99750,1.00000,0.00000,0.00000,0.00000
30.50125,0.99750,1.00000,0.00000,0.00000,0.00000
30.60125,0.99750,1.00000,0.00000,0.00000,0.00000
30.70125,0.99750,1.00000,0.00000,0.00000,0.00000
30.80125,0.99750,1.00000,0.00000,0.00000,0.00000
30.90125,0.99750,1.00000,0.00000,0.00000,0.00000
31.00125,0.99750,1.00000,0.00000,0.00000,0.00000
31.10125,0.99750,1.00000,0.00000,0.00000,0.00000
31.20125,0.99750,1.00000,0.00000,0.00000,0.00000
31.30125,0.99750,1.00000,0.00000,0.00000,0.00000
31.40125,0.99750,1.00000,0.00000,0.00000,0.00000
31.50125,0.99750,1.00000,0.00000,0.00000,0.00000
31.60125,0.99750,1.00000,0.00000,0.00000,0.00000
31.70125,0.99750,1.00000,0.00000,0.00000,0.00000
31.80125,0.99750,1.00000,0.00000,0.00000,0.00000
31.90125,0.99750,1.00000,0.00000,0.00000,0.00000
32.00125,0.99750,1.00000,0.00000,0.00000,0.00000
32.10125,0.99750,1.00000,0.00000,0.00000,0.00000
32.20125,0.99750,1.00000,0.00000,0.00000,0.00000
32.30125,0.99750,1.00000,0.00000,0.00000,0.00000
32.40125,0.99750,1.00000,0.00000,0.00000,0.00000
32.50125,0.99750,1.00000,0.00000,0.00000,0.00000
32.60125,0.99750,1.00000,0.00000,0.00000,0.00000
32.70125,0.99750,1.00000,0.00000,0.00000,0.00000
32.80125,0.99750,1.00000,0.00000,0.00000,0.00000
32.90125,0.99750,1.00000,0.00000,0.00000,0.00000
33.00125,0.99750,1.00000,0.00000,0.00000,0.00000
33.10125,0.99750,1.00000,0.00000,0.00000,0.00000
33.20125,0.99750,1.00000,0.00000,0.00000,0.00000
33.30125,0.99750,1.00000,0.00000,0.00000,0.00000
33.40125,0.99750,1.00000,0.00000,0.00000,0.00000
33.50125,0.99750,1.00000,0.00000,0.00000,0.00000
33.60125,0.99750,1.00000,0.00000,0.00000,0.00000
33.70125,0.99750,1.00000,0.00000,0.00000,0.00000
33.80125,0.99750,1.00000,0.00000,0.00000,0.00000
33.90125,0.99750,1.00000,0.00000,0.00000,0.00000
34.00125,0.99750,1.00000,0.00000,0.00000,0.00000
34.10125,0.99750,1.00000,0.00000,0.00000,0.00000
34.20125,0.99750,1.00000,0.00000,0.00000,0.00000
34.30125,0.99750,1.00000,0.00000,0.00000,0.00000
34.40125,0.99750,1.00000,0.00000,0.00000,0.00000
34.50125,0.99750,1.00000,0.00000,0.00000,0.00000
34.60125,0.99750,1.00000,0.00000,0.00000,0.00000
34.70125,0.99750,1.00000,0.00000,0.00000,0.00000
34.80125,0.99750,1.00000,0.00000,0.00000,0.00000
34.90125,0.99750,1.00000,0.00000,0.00000,0.00000
35.00125,0.99750,1.00000,0.00000,0.00000,0.00000
35.10125,0.99750,1.00000,0.00000,0.00000,0.00000
35.20125,0.99750,1.00000,0.00000,0.00000,0.00000
35.30125,0.99750,1.00000,0.00000,0.00000,0.00000
35.40125,0.99750,1.00000,0.00000,0.00000,0.00000
35.50125,0.99750,1.00000,0.00000,0.00000,0.00000
35.60125,0.99750,1.00000,0.00000,0.00000,0.00000
35.70125,0.99750,1.00000,0.00000,0.00000,0.00000
35.80125,0.99750,1.00000,0.00000,0.00000,0.00000
35.90125,0.99750,1.00000,0.00000,0.00000,0.00000
36.00125,0.99750,1.00000,0.00000,0.00000,0.00000
36.10125,0.99750,1.00000,0.00000,0.00000,0.00000
36.20125,0.99750,1.00000,0.00000,0.00000,0.00000
36.30125,0.99750,1.00000,0.00000,0.00000,0.00000
36.40125,0.99750,1.00000,0.00000,0.00000,0.00000
36.50125,0.99750,1.00000,0.00000,0.00000,0.00000
36.60125,0.99750,1.00000,0.00000,0.00000,0.00000
36.70125,0.99750,1.00000,0.00000,0.00000,0.00000
36.80125,0.99750,1.00000,0.00000,0.00000,0.00000
36.90125,0.99750,1.00000,0.00000,0.00000,0.00000
37.00125,0.99750,1.00000,0.00000,0.00000,0.00000
37.10125,0.99750,1.00000,0.00000,0.00000,0.00000
37.20125,0.99750,1.00000,0.00000,0.00000,0.00000
37.30125,0.99750,1.00000,0.00000,0.00000,0.00000
37.40125,0.99750,1.00000,0.00000,0.00000,0.00000
37.50125,0.99750,1.00000,0.00000,0.00000,0.00000
37.60125,0.99750,1.00000,0.00000,0.00000,0.00000
37.70125,0.99750,1.00000,0.00000,0.00000,0.00000
37.80125,0.99750,1.00000,0.00000,0.00000,0.00000
37.90125,0.99750,1.00000,0.00000,0.00000,0.00000
38.00125,0.99750,1.00000,0.00000,0.00000,0.00000
38.10125,0.99750,1.00000,0.00000,0.00000,0.00000
38.20125,0.99750,1.00000,0.00000,0.00000,0.00000
38.30125,0.99750,1.00000,0.00000,0.00000,0.00000
38.40125,0.99750,1.00000,0.00000,0.00000,0.00000
38.50125,0.99750,1.00000,0.00000,0.00000,0.00000
38.60125,0.99750,1.00000,0.00000,0.00000,0.00000
38.70125,0.99750,1.00000,0.00000,0.00000,0.00000
38.80125,0.99750,1.00000,0.00000,0.00000,0.00000
38.90125,0.99750,1.00000,0.00000,0.00000,0.00000
39.00125,0.99750,1.00000,0.00000,0.00000,0.00000
39.10125,0.99750,1.00000,0.00000,0.00000,0.00000
39.20125,0.99750,1.00000,0.00000,0.00000,0.00000
39.30125,0.99750,1.00000,0.00000,0.00000,0.00000
39.40125,0.99750,1.00000,0.00000,0.00000,0.00000
39.50125,0.99750,1.00000,0.00000,0.00000,0.00000
39.60125,0.99750,1.00000,0.00000,0.00000,0.00000
39.70125,0.99750,1.00000,0.00000,0.00000,0.00000
39.80125,0.99750,1.00000,0.00000,0.00000,0.00000
39.90125,0.99750,1.00000,0.00000,0.00000,0.00000
40.00125,0.99750,1.00000,0.00000,0.00000,0.00000
40.10125,0.99750,1.00000,0.00000,0.00000,0.00000
40.20125,0.99750,1.00000,0.00000,0.00000,0.00000
40.30125,0.99750,1.00000,0.00000,0.00000,0.00000
40.40125,0.99750,1.00000,0.00000,0.00000,0.00000
40.50125,0.99750,1.00000,0.00000,0.00000,0.00000
40.60125,0.99750,1.00000,0.00000,0.00000,0.00000
40.70125,0.99750,1.00000,0.00000,0.00000,0.00000
40.80125,0.99750,1.00000,0.00000,0.00000,0.00000
40.90125,0.99750,1.00000,0.00000,0.00000,0.00000
41.00125,0.99750,1.00000,0.00000,0.00000,0.00000
41.10125,0.99750,1.00000,0.00000,0.00000,0.00000
41.20125,0.99750,1.00000,0.00000,0.00000,0.00000
41.30125,0.99750,1.00000,0.00000,0.00000,0.00000
41.40125,0.99750,1.00000,0.00000,0.00000,0.00000
41.50125,0.99750,1.00000,0.00000,0.00000,0.00000
41.60125,0.99750,1.00000,0.00000,0.00000,0.00000
41.70125,0.99750,1.00000,0.00000,0.00000,0.00000
41.80125,0.99750,1.00000,0.00000,0.00000,0.00000
41.90125,0.99750,1.00000,0.00000,0.00000,0.00000
42.00125,0.99750,1.00000,0.00000,0.00000,0.00000
42.10125,0.99750,1.00000,0.00000,0.00000,0.00000
42.20125,0.99750,1.00000,0.00000,0.00000,0.00000
42.30125,0.99750,1.00000,0.00000,0.00000,0.00000
42.40125,0.99750,1.00000,0.00000,0.00000,0.00000
42.50125,0.99750,1.00000,0.00000,0.00000,0.00000
42.60125,0.99750,1.00000,0.00000,0.00000,0.00000
42.70125,0.99750,1.00000,0.00000,0.00000,0.00000
42.80125,0.99750,1.00000,0.00000,0.00000,0.00000
42.90125,0.99750,1.00000,0.00000,0.00000,0.00000
43.00125,0.99750,1.00000,0.00000,0.00000,0.00000
43.10125,0.99750,1.00000,0.00000,0.00000,0.00000
43.20125,0.99750,1.00000,0.00000,0.00000,0.00000
43.30125,0.99750,1.00000,0.00000,0.00000,0.00000
43.40125,0.99750,1.00000,0.00000,0.00000,0.00000
43.50125,0.99750,1.00000,0.00000,0.00000,0.00000
43.60125,0.99750,1.00000,0.00000,0.00000,0.00000
43.70125,0.99750,1.00000,0.00000,0.00000,0.00000
43.80125,0.99750,1.00000,0.00000,0.00000,0.00000
43.90125,0.99750,1.00000,0.00000,0.00000,0.00000
44.00125,0.99750,1.00000,0.00000,0.00000,0.00000
44.10125,0.99750,1.00000,0.00000,0.00000,0.00000
44.20125,0.99750,1.00000,0.00000,0.00000,0.00000
44.30125,0.99750,1.00000,0.00000,0.00000,0.00000
44.40125,0.99750,1.00000,0.00000,0.00000,0.00000
44.50125,0.99750,1.00000,0.00000,0.00000,0.00000
44.60125,0.99750,0.99994,0.00000,0.00000,0.00006
44.70125,0.99750,0.99920,0.00000,0.00002,0.00078
44.80125,0.99750,0.99505,0.00000,0.00035,0.00460
44.90125,0.99750,0.97417,0.00000,0.00220,0.02363
45.00125,0.99750,0.97642,0.00000,0.02302,0.00056
45.10125,0.99750,0.55803,0.00000,0.44156,0.00041
45.20125,0.99750,0.08936,0.00000,0.91051,0.00012
45.30125,0.99750,0.08483,0.00000,0.91516,0.00001
45.40125,0.99750,0.07773,0.00000,0.92226,0.00000
45.50125,0.99750,0.22993,0.00000,0.77007,0.00000
45.60125,0.99750,0.70372,0.00000,0.29628,0.00000
45.70125,0.99750,0.98205,0.00000,0.01795,0.00000
45.80125,0.99750,0.99986,0.00001,0.00013,0.00000
45.90125,0.99750,0.99994,0.00002,0.00004,0.00000
46.00125,0.99750,0.99999,0.00001,0.00000,0.00000
46.10125,0.99750,0.99999,0.00000,0.00000,0.00000
46.20125,0.99750,0.99999,0.00000,0.00000,0.00000
46.30125,0.99750,1.00000,0.00000,0.00000,0.00000
46.40125,0.99750,1.00000,0.00000,0.00000,0.00000
46.50125,0.99750,0.99998,0.00000,0.00002,0.00000
46.60125,0.99750,0.99961,0.00000,0.00039,0.00000
46.70125,0.99750,0.98575,0.00000,0.01425,0.00000
46.80125,0.99750,0.73053,0.00000,0.26947,0.00000
46.90125,0.99750,0.07652,0.00000,0.92348,0.00000
47.00125,0.99750,0.01092,0.00000,0.98908,0.00000
47.10125,0.99750,0.00933,0.00000,0.99067,0.00000
47.20125,0.99750,0.00880,0.00000,0.99120,0.00000
47.30125,0.99750,0.02044,0.00000,0.97956,0.00000
47.40125,0.99750,0.35212,0.00001,0.64787,0.00000
47.50125,0.99750,0.95987,0.00011,0.04002,0.00000
47.60125,0.99750,0.99550,0.00398,0.00052,0.00000
47.70125,0.99750,0.99889,0.00108,0.00003,0.00000
47.80125,0.99750,0.99982,0.00018,0.00000,0.00000
47.90125,0.99750,0.99999,0.00001,0.00000,0.00000
48.00125,0.99750,1.00000,0.00000,0.00000,0.00000
48.10125,0.99750,1.00000,0.00000,0.00000,0.00000
48.20125,0.99750,1.00000,0.00000,0.00000,0.00000
48.30125,0.99750,1.00000,0.00000,0.00000,0.00000
48.40125,0.99750,1.00000,0.00000,0.00000,0.00000
48.50125,0.99750,1.00000,0.00000,0.00000,0.00000
48.60125,0.99750,1.00000,0.00000,0.00000,0.00000
48.70125,0.99750,1.00000,0.00000,0.00000,0.00000
48.80125,0.99750,1.00000,0.00000,0.00000,0.00000
48.90125,0.99750,1.00000,0.00000,0.00000,0.00000
49.00125,0.99750,1.00000,0.00000,0.00000,0.00000
49.10125,0.99750,0.99999,0.00000,0.00001,0.00000
49.20125,0.99750,0.99960,0.00000,0.00040,0.00000
49.30125,0.99750,0.98402,0.00000,0.01598,0.00000
49.40125,0.99750,0.58047,0.00000,0.41953,0.00000
49.50125,0.99750,0.02419,0.00000,0.97581,0.00000
49.60125,0.99750,0.00376,0.00000,0.99624,0.00000
49.70125,0.99750,0.00404,0.00000,0.99596,0.00000
49.80125,0.99750,0.00401,0.00000,0.99599,0.00000
49.90125,0.99750,0.01929,0.00000,0.98071,0.00000
50.00125,0.99750,0.17092,0.00000,0.82908,0.00000
50.10125,0.99750,0.94101,0.00000,0.05899,0.00000
50.20125,0.99750,0.99840,0.00013,0.00147,0.00000
50.30125,0.99750,0.99981,0.00011,0.00007,0.00000
50.40125,0.99750,0.99998,0.00002,0.00000,0.00000
50.50125,0.99750,1.00000,0.00000,0.00000,0.00000
50.60125,0.99750,1.00000,0.00000,0.00000,0.00000
50.70125,0.99750,1.00000,0.00000,0.00000,0.00000
50.80125,0.99750,1.00000,0.00000,0.00000,0.00000
50.90125,0.99750,1.00000,0.00000,0.00000,0.00000
51.00125,0.99750,1.00000,0.00000,0.00000,0.00000
51.10125,0.99750,1.00000,0.00000,0.00000,0.00000
51.20125,0.99750,1.00000,0.00000,0.00000,0.00000
51.30125,0.99750,1.00000,0.00000,0.00000,0.00000
51.40125,0.99750,1.00000,0.00000,0.00000,0.00000
51.50125,0.99750,1.00000,0.00000,0.00000,0.00000
51.60125,0.99750,1.00000,0.00000,0.00000,0.00000
51.70125,0.99750,1.00000,0.00000,0.00000,0.00000
51.80125,0.99750,1.00000,0.00000,0.00000,0.00000
51.90125,0.99750,1.00000,0.00000,0.00000,0.00000
52.00125,0.99750,1.00000,0.00000,0.00000,0.00000
52.10125,0.99750,1.00000,0.00000,0.00000,0.00000
52.20125,0.99750,0.99987,0.00000,0.00013,0.00000
52.30125,0.99750,0.99549,0.00000,0.00451,0.00000
52.40125,0.99750,0.85430,0.00000,0.14570,0.00000
52.50125,0.99750,0.11870,0.00000,0.88130,0.00000
52.60125,0.99750,0.00814,0.00000,0.99186,0.00000
52.70125,0.99750,0.00781,0.00000,0.99219,0.00000
52.80125,0.99750,0.02307,0.00000,0.97693,0.00000
52.90125,0.99750,0.18700,0.00000,0.81300,0.00000
53.00125,0.99750,0.91614,0.00001,0.08385,0.00000
53.10125,0.99750,0.99737,0.00008,0.00255,0.00000
53.20125,0.99750,0.99981,0.00007,0.00012,0.00000
53.30125,0.99750,0.99996,0.00003,0.00001,0.00000
53.40125,0.99750,1.00000,0.00000,0.00000,0.00000
53.50125,0.99750,1.00000,0.00000,0.00000,0.00000
53.60125,0.99750,1.00000,0.00000,0.00000,0.00000
53.70125,0.99750,1.00000,0.00000,0.00000,0.00000
53.80125,0.99750,1.00000,0.00000,0.00000,0.00000
53.90125,0.99750,1.00000,0.00000,0.00000,0.00000
54.00125,0.99750,1.00000,0.00000,0.00000,0.00000
54.10125,0.99750,1.00000,0.00000,0.00000,0.00000
54.20125,0.99750,1.00000,0.00000,0.00000,0.00000
54.30125,0.99750,1.00000,0.00000,0.00000,0.00000
54.40125,0.99750,1.00000,0.00000,0.00000,0.00000
54.50125,0.99750,1.00000,0.00000,0.00000,0.00000
54.60125,0.99750,1.00000,0.00000,0.00000,0.00000
54.70125,0.99750,1.00000,0.00000,0.00000,0.00000
54.80125,0.99750,1.00000,0.00000,0.00000,0.00000
54.90125,0.99750,0.99997,0.00000,0.00003,0.00000
55.00125,0.99750,0.99901,0.00000,0.00099,0.00000
55.10125,0.99750,0.97887,0.00000,0.02113,0.00000
55.20125,0.99750,0.53961,0.00000,0.46038,0.00000
55.30125,0.99750,0.03089,0.00000,0.96911,0.00000
55.40125,0.99750,0.01347,0.00000,0.98653,0.00000
55.50125,0.99750,0.01640,0.00000,0.98360,0.00000
55.60125,0.99750,0.04372,0.00000,0.95628,0.00000
55.70125,0.99750,0.62404,0.00001,0.37595,0.00000
55.80125,0.99750,0.98190,0.00001,0.01809,0.00000
55.90125,0.99750,0.99952,0.00034,0.00013,0.00000
56.00125,0.99750,0.99979,0.00017,0.00003,0.00000
56.10125,0.99750,0.99997,0.00002,0.00000,0.00000
56.20125,0.99750,1.00000,0.00000,0.00000,0.00000
56.30125,0.99750,1.00000,0.00000,0.00000,0.00000
56.40125,0.99750,1.00000,0.00000,0.00000,0.00000
56.50125,0.99750,1.00000,0.00000,0.00000,0.00000
56.60125,0.99750,1.00000,0.00000,0.00000,0.00000
56.70125,0.99750,1.00000,0.00000,0.00000,0.00000
56.80125,0.99750,1.00000,0.00000,0.00000,0.00000
56.90125,0.99750,1.00000,0.00000,0.00000,0.00000
57.00125,0.99750,1.00000,0.00000,0.00000,0.00000
57.10125,0.99750,1.00000,0.00000,0.00000,0.00000
57.20125,0.99750,1.00000,0.00000,0.00000,0.00000
57.30125,0.99750,1.00000,0.00000,0.00000,0.00000
57.40125,0.99750,1.00000,0.00000,0.00000,0.00000
57.50125,0.99750,0.99999,0.00000,0.00001,0.00000
57.60125,0.99750,0.99979,0.00000,0.00021,0.00000
57.70125,0.99750,0.98845,0.00000,0.01154,0.00000
57.80125,0.99750,0.67806,0.00000,0.32194,0.00000
57.90125,0.99750,0.04347,0.00000,0.95653,0.00000
58.00125,0.99750,0.01003,0.00000,0.98997,0.00000
58.10125,0.99750,0.01367,0.00000,0.98633,0.00000
58.20125,0.99750,0.01796,0.00000,0.98203,0.00000
58.30125,0.99750,0.08912,0.00001,0.91087,0.00000
58.40125,0.99750,0.76917,0.00015,0.23068,0.00000
58.50125,0.99750,0.98888,0.00045,0.01067,0.00000
58.60125,0.99750,0.99934,0.00024,0.00042,0.00000
58.70125,0.99750,0.99980,0.00019,0.00002,0.00000
58.80125,0.99750,0.99999,0.00001,0.00000,0.00000
58.90125,0.99750,1.00000,0.00000,0.00000,0.00000
59.00125,0.99750,1.00000,0.00000,0.00000,0.00000
59.10125,0.99750,1.00000,0.00000,0.00000,0.00000
59.20125,0.99750,1.00000,0.00000,0.00000,0.00000
59.30125,0.99750,1.00000,0.00000,0.00000,0.00000
59.40125,0.99750,1.00000,0.00000,0.00000,0.00000
59.50125,0.99750,1.00000,0.00000,0.00000,0.00000
59.60125,0.99750,1.00000,0.00000,0.00000,0.00000
59.70125,0.99750,1.00000,0.00000,0.00000,0.00000
59.80125,0.99750,0.99998,0.00000,0.00002,0.00000
59.90125,0.99750,0.99946,0.00000,0.00054,0.00000
60.00125,0.99750,0.98130,0.00000,0.01870,0.00000
60.10125,0.99750,0.58285,0.00000,0.41715,0.00000
60.20125,0.99750,0.03752,0.00000,0.96248,0.00000
60.30125,0.99750,0.00937,0.00000,0.99063,0.00000
60.40125,0.99750,0.01044,0.00000,0.98956,0.00000
60.50125,0.99750,0.08618,0.00000,0.91381,0.00000
60.60125,0.99750,0.73776,0.00000,0.26223,0.00000
60.70125,0.99750,0.99410,0.00001,0.00589,0.00000
60.80125,0.99750,0.99972,0.00022,0.00006,0.00000
60.90125,0.99750,0.99996,0.00004,0.00001,0.00000
61.00125,0.99750,0.99999,0.00001,0.00000,0.00000
61.10125,0.99750,1.00000,0.00000,0.00000,0.00000
61.20125,0.99750,1.00000,0.00000,0.00000,0.00000
61.30125,0.99750,1.00000,0.00000,0.00000,0.00000
61.40125,0.99750,1.00000,0.00000,0.00000,0.00000
61.50125,0.99750,1.00000,0.00000,0.00000,0.00000
61.60125,0.99750,1.00000,0.00000,0.00000,0.00000
61.70125,0.99750,1.00000,0.00000,0.00000,0.00000
61.80125,0.99750,1.00000,0.00000,0.00000,0.00000
61.90125,0.99750,1.00000,0.00000,0.00000,0.00000
62.00125,0.99750,1.00000,0.00000,0.00000,0.00000
62.10125,0.99750,1.00000,0.00000,0.00000,0.00000
62.20125,0.99750,1.00000,0.00000,0.00000,0.00000
62.30125,0.99750,1.00000,0.00000,0.00000,0.00000
62.40125,0.99750,1.00000,0.00000,0.00000,0.00000
62.50125,0.99750,1.00000,0.00000,0.00000,0.00000
62.60125,0.99750,0.99999,0.00000,0.00001,0.00000
62.70125,0.99750,0.99961,0.00000,0.00039,0.00000
62.80125,0.99750,0.98792,0.00000,0.01208,0.00000
62.90125,0.99750,0.63381,0.00000,0.36619,0.00000
63.00125,0.99750,0.04512,0.00000,0.95488,0.00000
63.10125,0.99750,0.00558,0.00000,0.99442,0.00000
63.20125,0.99751,0.00640,0.00000,0.99360,0.00000
63.30125,0.99750,0.00526,0.00000,0.99474,0.00000
63.40125,0.99750,0.04811,0.00000,0.95189,0.00000
63.50125,0.99750,0.54228,0.00000,0.45772,0.00000
63.60125,0.99750,0.98494,0.00000,0.01506,0.00000
63.70125,0.99751,0.99973,0.00001,0.00026,0.00000
63.80125,0.99750,0.99996,0.00001,0.00003,0.00000
63.90125,0.99750,0.99999,0.00001,0.00000,0.00000
64.00125,0.99750,1.00000,0.00000,0.00000,0.00000
64.10125,0.99750,1.00000,0.00000,0.00000,0.00000
64.20125,0.99751,1.00000,0.00000,0.00000,0.00000
64.30125,0.99751,1.00000,0.00000,0.00000,0.00000
64.40125,0.99750,1.00000,0.00000,0.00000,0.00000
64.50125,0.99750,1.00000,0.00000,0.00000,0.00000
64.60125,0.99750,1.00000,0.00000,0.00000,0.00000
64.70125,0.99751,1.00000,0.00000,0.00000,0.00000
64.80125,0.99751,1.00000,0.00000,0.00000,0.00000
64.90125,0.99750,1.00000,0.00000,0.00000,0.00000
65.00125,0.99750,1.00000,0.00000,0.00000,0.00000
65.10125,0.99750,0.99992,0.00000,0.00008,0.00000
65.20125,0.99751,0.99634,0.00000,0.00366,0.00000
65.30125,0.99751,0.90378,0.00000,0.09621,0.00000
65.40125,0.99750,0.23344,0.00000,0.76656,0.00000
65.50125,0.99750,0.01289,0.00000,0.98711,0.00000
65.60125,0.99750,0.00634,0.00000,0.99366,0.00000
65.70125,0.99751,0.00781,0.00000,0.99219,0.00000
65.80125,0.99751,0.01430,0.00000,0.98570,0.00000
65.90125,0.99750,0.21954,0.00000,0.78046,0.00000
66.00125,0.99750,0.89504,0.00000,0.10496,0.00000
66.10125,0.99750,0.99641,0.00000,0.00359,0.00000
66.20125,0.99751,0.99989,0.00005,0.00007,0.00000
66.30125,0.99751,0.99997,0.00002,0.00000,0.00000
66.40125,0.99750,1.00000,0.00000,0.00000,0.00000
66.50125,0.99750,1.00000,0.00000,0.00000,0.00000
66.60125,0.99750,1.00000,0.00000,0.00000,0.00000
66.70125,0.99751,1.00000,0.00000,0.00000,0.00000
66.80125,0.99751,1.00000,0.00000,0.00000,0.00000
66.90125,0.99750,1.00000,0.00000,0.00000,0.00000
67.00125,0.99750,1.00000,0.00000,0.00000,0.00000
67.10125,0.99750,1.00000,0.00000,0.00000,0.00000
67.20125,0.99751,1.00000,0.00000,0.00000,0.00000
67.30125,0.99751,1.00000,0.00000,0.00000,0.00000
67.40125,0.99750,1.00000,0.00000,0.00000,0.00000
67.50125,0.99750,1.00000,0.00000,0.00000,0.00000
67.60125,0.99750,1.00000,0.00000,0.00000,0.00000
67.70125,0.99751,1.00000,0.00000,0.00000,0.00000
67.80125,0.99751,0.99984,0.00000,0.00016,0.00000
67.90125,0.99750,0.99545,0.00000,0.00455,0.00000
68.00125,0.99750,0.93039,0.00000,0.06955,0.00006
68.10125,0.99750,0.30427,0.00000,0.69572,0.00002
68.20125,0.99751,0.01564,0.00000,0.98434,0.00002
68.30125,0.99751,0.01206,0.00000,0.98793,0.00000
68.40125,0.99750,0.01275,0.00000,0.98724,0.00000
68.50125,0.99750,0.09296,0.00000,0.90704,0.00000
68.60125,0.99750,0.60906,0.00000,0.39092,0.00002
68.70125,0.99751,0.98581,0.00000,0.01419,0.00000
68.80125,0.99751,0.99988,0.00002,0.00010,0.00000
68.90125,0.99750,0.99995,0.00002,0.00002,0.00000
69.00125,0.99750,0.99998,0.00001,0.00000,0.00000
69.10125,0.99750,1.00000,0.00000,0.00000,0.00000
69.20125,0.99751,1.00000,0.00000,0.00000,0.00000
69.30125,0.99751,1.00000,0.00000,0.00000,0.00000
69.40125,0.99750,1.00000,0.00000,0.00000,0.00000
69.50125,0.99750,1.00000,0.00000,0.00000,0.00000
69.60125,0.99750,1.00000,0.00000,0.00000,0.00000
69.70125,0.99751,1.00000,0.00000,0.00000,0.00000
69.80125,0.99751,1.00000,0.00000,0.00000,0.00000
69.90125,0.99750,1.00000,0.00000,0.00000,0.00000
70.00125,0.99750,1.00000,0.00000,0.00000,0.00000
70.10125,0.99750,1.00000,0.00000,0.00000,0.00000
70.20125,0.99751,0.99996,0.00000,0.00004,0.00000
70.30125,0.99751,0.99847,0.00000,0.00153,0.00000
70.40125,0.99750,0.96015,0.00000,0.03985,0.00000
70.50125,0.99750,0.35059,0.00000,0.64941,0.00000
70.60125,0.99750,0.01613,0.00000,0.98387,0.00000
70.70125,0.99751,0.00423,0.00000,0.99577,0.00000
70.80125,0.99751,0.00554,0.00000,0.99446,0.00000
70.90125,0.99750,0.01258,0.00000,0.98742,0.00000
71.00125,0.99750,0.12618,0.00000,0.87382,0.00000
71.10125,0.99750,0.79635,0.00000,0.20365,0.00000
71.20125,0.99751,0.99799,0.00002,0.00199,0.00000
71.30125,0.99751,0.99978,0.00007,0.00015,0.00000
71.40125,0.99750,0.99996,0.00003,0.00001,0.00000
71.50125,0.99750,1.00000,0.00000,0.00000,0.00000
71.60125,0.99750,1.00000,0.00000,0.00000,0.00000
71.70125,0.99751,1.00000,0.00000,0.00000,0.00000
71.80125,0.99751,1.00000,0.00000,0.00000,0.00000
71.90125,0.99750,1.00000,0.00000,0.00000,0.00000
72.00125,0.99750,1.00000,0.00000,0.00000,0.00000
72.10125,0.99750,1.00000,0.00000,0.00000,0.00000
72.20125,0.99751,1.00000,0.00000,0.00000,0.00000
72.30125,0.99751,1.00000,0.00000,0.00000,0.00000
72.40125,0.99750,0.99999,0.00000,0.00001,0.00000
72.50125,0.99750,0.99973,0.00000,0.00027,0.00000
72.60125,0.99750,0.98854,0.00000,0.01145,0.00001
72.70125,0.99751,0.73375,0.00000,0.26624,0.00001
72.80125,0.99751,0.04708,0.00000,0.95292,0.00000
72.90125,0.99750,0.00727,0.00000,0.99273,0.00000
73.00125,0.99750,0.00898,0.00000,0.99102,0.00000
73.10125,0.99750,0.00892,0.00000,0.99108,0.00000
73.20125,0.99751,0.02211,0.00000,0.97789,0.00000
73.30125,0.99751,0.09596,0.00000,0.90404,0.00000
73.40125,0.99750,0.79974,0.00000,0.20026,0.00000
73.50125,0.99750,0.99416,0.00000,0.00584,0.00000
73.60125,0.99750,0.99982,0.00002,0.00016,0.00000
73.70125,0.99751,0.99997,0.00002,0.00001,0.00000
73.80125,0.99751,1.00000,0.00000,0.00000,0.00000
73.90125,0.99750,1.00000,0.00000,0.00000,0.00000
74.00125,0.99750,1.00000,0.00000,0.00000,0.00000
74.10125,0.99750,1.00000,0.00000,0.00000,0.00000
74.20125,0.99751,1.00000,0.00000,0.00000,0.00000
74.30125,0.99751,1.00000,0.00000,0.00000,0.00000
74.40125,0.99750,1.00000,0.00000,0.00000,0.00000
74.50125,0.99750,0.99998,0.00000,0.00002,0.00000
74.60125,0.99750,0.99953,0.00000,0.00047,0.00000
74.70125,0.99751,0.99360,0.00000,0.00640,0.00000
74.80125,0.99751,0.79105,0.00000,0.20895,0.00000
74.90125,0.99750,0.07610,0.00000,0.92390,0.00000
75.00125,0.99750,0.01673,0.00000,0.98327,0.00000
75.10125,0.99750,0.02178,0.00000,0.97822,0.00000
75.20125,0.99751,0.05008,0.00000,0.94992,0.00000
75.30125,0.99751,0.12823,0.00000,0.87177,0.00000
75.40125,0.99750,0.52953,0.00000,0.47047,0.00000
75.50125,0.99750,0.84061,0.00001,0.15938,0.00000
75.60125,0.99750,0.93345,0.00011,0.06645,0.00000
75.70125,0.99751,0.97133,0.00010,0.02855,0.00002
75.80125,0.99751,0.98900,0.00005,0.01079,0.00016
75.90125,0.99750,0.99123,0.00005,0.00760,0.00113
76.00125,0.99750,0.99281,0.00004,0.00137,0.00578
76.10125,0.99750,0.98211,0.00014,0.00044,0.01731
76.20125,0.99751,0.98688,0.00010,0.00027,0.01276
76.30125,0.99751,0.98685,0.00015,0.00018,0.01282
76.40125,0.99750,0.98873,0.00019,0.00010,0.01098
76.50125,0.99750,0.99103,0.00011,0.00004,0.00882
76.60125,0.99750,0.99917,0.00015,0.00002,0.00065
76.70125,0.99751,0.99910,0.00003,0.00001,0.00086
76.80125,0.99751,0.99953,0.00000,0.00000,0.00047
76.90125,0.99750,0.99985,0.00000,0.00000,0.00015
77.00125,0.99750,0.99988,0.00000,0.00000,0.00012
77.10125,0.99750,0.99995,0.00000,0.00000,0.00005
77.20125,0.99751,0.99995,0.00000,0.00000,0.00005
77.30125,0.99751,0.99992,0.00000,0.00000,0.00008
77.40125,0.99750,0.99996,0.00000,0.00000,0.00004
77.50125,0.99750,0.99999,0.00000,0.00000,0.00001
77.60125,0.99750,0.99996,0.00000,0.00000,0.00004
77.70125,0.99751,0.99996,0.00000,0.00000,0.00004
77.80125,0.99751,0.99994,0.00000,0.00000,0.00006
77.90125,0.99750,0.99997,0.00000,0.00000,0.00003
78.00125,0.99750,0.99996,0.00000,0.00000,0.00004
78.10125,0.99750,0.99996,0.00000,0.00000,0.00004
78.20125,0.99751,0.99996,0.00000,0.00000,0.00004
78.30125,0.99751,0.99996,0.00000,0.00000,0.00004
78.40125,0.99750,0.99995,0.00000,0.00000,0.00005
78.50125,0.99750,0.99996,0.00000,0.00000,0.00004
78.60125,0.99750,0.99996,0.00000,0.00000,0.00004
78.70125,0.99751,0.99994,0.00000,0.00000,0.00006
78.80125,0.99751,0.99996,0.00000,0.00000,0.00004
78.90125,0.99750,0.99996,0.00000,0.00000,0.00004
79.00125,0.99750,0.99997,0.00000,0.00000,0.00003
79.10125,0.99750,0.99996,0.00000,0.00000,0.00004
79.20125,0.99751,0.99997,0.00000,0.00000,0.00003
79.30125,0.99751,0.99996,0.00000,0.00000,0.00004
79.40125,0.99750,0.99997,0.00000,0.00000,0.00003
79.50125,0.99750,0.99996,0.00000,0.00000,0.00004
79.60125,0.99750,0.99998,0.00000,0.00000,0.00002
79.70125,0.99751,1.00000,0.00000,0.00000,0.00000
79.80125,0.99751,1.00000,0.00000,0.00000,0.00000
79.90125,0.99750,1.00000,0.00000,0.00000,0.00000
80.00125,0.99750,1.00000,0.00000,0.00000,0.00000
80.10125,0.99750,1.00000,0.00000,0.00000,0.00000
80.20125,0.99751,0.99999,0.00001,0.00000,0.00000
80.30125,0.99751,0.99997,0.00003,0.00000,0.00000
80.40125,0.99750,0.99985,0.00015,0.00000,0.00000
80.50125,0.99750,0.99952,0.00048,0.00000,0.00000
80.60125,0.99750,0.99923,0.00077,0.00000,0.00000
80.70125,0.99751,0.99922,0.00078,0.00000,0.00000
80.80125,0.99751,0.99949,0.00051,0.00000,0.00000
80.90125,0.99750,0.99973,0.00027,0.00000,0.00000
81.00125,0.99750,0.99987,0.00013,0.00000,0.00000
81.10125,0.99750,0.99991,0.00009,0.00000,0.00000
81.20125,0.99751,0.99995,0.00005,0.00000,0.00000
81.30125,0.99751,0.99997,0.00003,0.00000,0.00000
81.40125,0.99750,0.99998,0.00002,0.00000,0.00000
81.50125,0.99750,0.99999,0.00001,0.00000,0.00000
81.60125,0.99750,0.99999,0.00001,0.00000,0.00000
81.70125,0.99751,0.99999,0.00001,0.00000,0.00000
81.80125,0.99751,0.99999,0.00001,0.00000,0.00000
81.90125,0.99750,1.00000,0.00000,0.00000,0.00000
82.00125,0.99750,1.00000,0.00000,0.00000,0.00000
82.10125,0.99750,1.00000,0.00000,0.00000,0.00000
82.20125,0.99751,0.99999,0.00001,0.00000,0.00000
82.30125,0.99751,0.99999,0.00001,0.00000,0.00000
82.40125,0.99750,0.99999,0.00001,0.00000,0.00000
82.50125,0.99750,1.00000,0.00000,0.00000,0.00000
82.60125,0.99750,1.00000,0.00000,0.00000,0.00000
82.70125,0.99751,1.00000,0.00000,0.00000,0.00000
82.80125,0.99751,1.00000,0.00000,0.00000,0.00000
82.90125,0.99750,1.00000,0.00000,0.00000,0.00000
83.00125,0.99750,1.00000,0.00000,0.00000,0.00000
83.10125,0.99750,1.00000,0.00000,0.00000,0.00000
83.20125,0.99751,1.00000,0.00000,0.00000,0.00000
83.30125,0.99751,1.00000,0.00000,0.00000,0.00000
83.40125,0.99750,1.00000,0.00000,0.00000,0.00000
83.50125,0.99750,1.00000,0.00000,0.00000,0.00000
83.60125,0.99750,1.00000,0.00000,0.00000,0.00000
83.70125,0.99751,1.00000,0.00000,0.00000,0.00000
83.80125,0.99751,1.00000,0.00000,0.00000,0.00000
83.90125,0.99750,1.00000,0.00000,0.00000,0.00000
84.00125,0.99750,1.00000,0.00000,0.00000,0.00000
84.10125,0.99750,1.00000,0.00000,0.00000,0.00000
84.20125,0.99751,1.00000,0.00000,0.00000,0.00000
84.30125,0.99751,1.00000,0.00000,0.00000,0.00000
84.40125,0.99750,1.00000,0.00000,0.00000,0.00000
84.50125,0.99750,1.00000,0.00000,0.00000,0.00000
84.60125,0.99750,1.00000,0.00000,0.00000,0.00000
84.70125,0.99751,1.00000,0.00000,0.00000,0.00000
84.80125,0.99751,1.00000,0.00000,0.00000,0.00000
84.90125,0.99750,1.00000,0.00000,0.00000,0.00000
85.00125,0.99750,1.00000,0.00000,0.00000,0.00000
85.10125,0.99750,1.00000,0.00000,0.00000,0.00000
85.20125,0.99751,1.00000,0.00000,0.00000,0.00000
85.30125,0.99751,1.00000,0.00000,0.00000,0.00000
85.40125,0.99750,1.00000,0.00000,0.00000,0.00000
85.50125,0.99750,1.00000,0.00000,0.00000,0.00000
85.60125,0.99750,1.00000,0.00000,0.00000,0.00000
85.70125,0.99751,1.00000,0.00000,0.00000,0.00000
85.80125,0.99751,1.00000,0.00000,0.00000,0.00000
85.90125,0.99750,1.00000,0.00000,0.00000,0.00000
86.00125,0.99750,1.00000,0.00000,0.00000,0.00000
86.10125,0.99750,1.00000,0.00000,0.00000,0.00000
86.20125,0.99751,1.00000,0.00000,0.00000,0.00000
86.30125,0.99751,1.00000,0.00000,0.00000,0.00000
86.40125,0.99750,1.00000,0.00000,0.00000,0.00000
86.50125,0.99750,1.00000,0.00000,0.00000,0.00000
86.60125,0.99750,1.00000,0.00000,0.00000,0.00000
86.70125,0.99751,1.00000,0.00000,0.00000,0.00000
86.80125,0.99751,1.00000,0.00000,0.00000,0.00000
86.90125,0.99750,1.00000,0.00000,0.00000,0.00000
87.00125,0.99750,1.00000,0.00000,0.00000,0.00000
87.10125,0.99750,1.00000,0.00000,0.00000,0.00000
87.20125,0.99751,1.00000,0.00000,0.00000,0.00000
87.30125,0.99751,1.00000,0.00000,0.00000,0.00000
87.40125,0.99750,1.00000,0.00000,0.00000,0.00000
87.50125,0.99750,1.00000,0.00000,0.00000,0.00000
87.60125,0.99750,1.00000,0.00000,0.00000,0.00000
87.70125,0.99751,1.00000,0.00000,0.00000,0.00000
87.80125,0.99751,1.00000,0.00000,0.00000,0.00000
87.90125,0.99750,1.00000,0.00000,0.00000,0.00000
88.00125,0.99750,1.00000,0.00000,0.00000,0.00000
88.10125,0.99750,1.00000,0.00000,0.00000,0.00000
88.20125,0.99751,1.00000,0.00000,0.00000,0.00000
88.30125,0.99751,1.00000,0.00000,0.00000,0.00000
88.40125,0.99750,1.00000,0.00000,0.00000,0.00000
88.50125,0.99750,1.00000,0.00000,0.00000,0.00000
88.60125,0.99750,1.00000,0.00000,0.00000,0.00000
88.70125,0.99751,1.00000,0.00000,0.00000,0.00000
88.80125,0.99751,1.00000,0.00000,0.00000,0.00000
88.90125,0.99750,1.00000,0.00000,0.00000,0.00000
89.00125,0.99750,1.00000,0.00000,0.00000,0.00000
89.10125,0.99750,1.00000,0.00000,0.00000,0.00000
89.20125,0.99751,1.00000,0.00000,0.00000,0.00000
89.30125,0.99751,1.00000,0.00000,0.00000,0.00000
89.40125,0.99750,1.00000,0.00000,0.00000,0.00000
89.50125,0.99750,1.00000,0.00000,0.00000,0.00000
89.60125,0.99750,1.00000,0.00000,0.00000,0.00000
89.70125,0.99751,1.00000,0.00000,0.00000,0.00000
89.80125,0.99751,1.00000,0.00000,0.00000,0.00000
89.90125,0.99750,1.00000,0.00000,0.00000,0.00000
90.00125,0.99750,1.00000,0.00000,0.00000,0.00000
90.10125,0.99750,1.00000,0.00000,0.00000,0.00000
90.20125,0.99751,1.00000,0.00000,0.00000,0.00000
90.30125,0.99751,1.00000,0.00000,0.00000,0.00000
90.40125,0.99750,1.00000,0.00000,0.00000,0.00000
90.50125,0.99750,1.00000,0.00000,0.00000,0.00000
90.60125,0.99750,1.00000,0.00000,0.00000,0.00000
90.70125,0.99751,1.00000,0.00000,0.00000,0.00000
90.80125,0.99751,1.00000,0.00000,0.00000,0.00000
90.90125,0.99750,1.00000,0.00000,0.00000,0.00000
91.00125,0.99750,0.99999,0.00000,0.00000,0.00000
91.10125,0.99750,0.99997,0.00000,0.00002,0.00000
91.20125,0.99751,0.99960,0.00000,0.00040,0.00000
91.30125,0.99751,0.99235,0.00000,0.00765,0.00000
91.40125,0.99750,0.74006,0.00000,0.25994,0.00000
91.50125,0.99750,0.11355,0.00000,0.88645,0.00000
91.60125,0.99750,0.01074,0.00000,0.98926,0.00000
91.70125,0.99751,0.00452,0.00000,0.99548,0.00000
91.80125,0.99751,0.00468,0.00000,0.99532,0.00000
91.90125,0.99750,0.05758,0.00000,0.94242,0.00000
92.00125,0.99750,0.65028,0.00000,0.34972,0.00000
92.10125,0.99750,0.99421,0.00000,0.00579,0.00000
92.20125,0.99751,0.99987,0.00002,0.00010,0.00000
92.30125,0.99751,0.99995,0.00001,0.00004,0.00000
92.40125,0.99750,0.99989,0.00007,0.00004,0.00000
92.50125,0.99750,0.99991,0.00005,0.00004,0.00000
92.60125,0.99750,0.99991,0.00004,0.00004,0.00000
92.70125,0.99751,0.99996,0.00000,0.00004,0.00000
92.80125,0.99751,0.99989,0.00000,0.00010,0.00000
92.90125,0.99750,0.99913,0.00000,0.00087,0.00000
93.00125,0.99750,0.97830,0.00000,0.02170,0.00000
93.10125,0.99750,0.56695,0.00000,0.43305,0.00000
93.20125,0.99751,0.03577,0.00000,0.96423,0.00000
93.30125,0.99751,0.00794,0.00000,0.99206,0.00000
93.40125,0.99750,0.00982,0.00000,0.99018,0.00000
93.50125,0.99750,0.01950,0.00000,0.98050,0.00000
93.60125,0.99750,0.16835,0.00000,0.83165,0.00000
93.70125,0.99751,0.87915,0.00000,0.12085,0.00000
93.80125,0.99751,0.99830,0.00002,0.00168,0.00000
93.90125,0.99750,0.99992,0.00002,0.00006,0.00000
94.00125,0.99750,0.99999,0.00001,0.00000,0.00000
94.10125,0.99750,0.99999,0.00001,0.00000,0.00000
94.20125,0.99751,1.00000,0.00000,0.00000,0.00000
94.30125,0.99751,1.00000,0.00000,0.00000,0.00000
94.40125,0.99750,1.00000,0.00000,0.00000,0.00000
94.50125,0.99750,1.00000,0.00000,0.00000,0.00000
94.60125,0.99750,1.00000,0.00000,0.00000,0.00000
94.70125,0.99751,1.00000,0.00000,0.00000,0.00000
94.80125,0.99751,1.00000,0.00000,0.00000,0.00000
94.90125,0.99750,1.00000,0.00000,0.00000,0.00000
95.00125,0.99750,1.00000,0.00000,0.00000,0.00000
95.10125,0.99750,0.99993,0.00000,0.00007,0.00000
95.20125,0.99751,0.99647,0.00000,0.00353,0.00000
95.30125,0.99751,0.88126,0.00000,0.11874,0.00000
95.40125,0.99750,0.12739,0.00000,0.87261,0.00000
95.50125,0.99750,0.00485,0.00000,0.99515,0.00000
95.60125,0.99750,0.00366,0.00000,0.99634,0.00000
95.70125,0.99751,0.00388,0.00000,0.99612,0.00000
95.80125,0.99751,0.02265,0.00000,0.97735,0.00000
95.90125,0.99750,0.29320,0.00000,0.70680,0.00000
96.00125,0.99750,0.94092,0.00009,0.05898,0.00000
96.10125,0.99750,0.99812,0.00095,0.00093,0.00000
96.20125,0.99751,0.99957,0.00038,0.00005,0.00000
96.30125,0.99751,0.99996,0.00003,0.00000,0.00000
96.40125,0.99750,1.00000,0.00000,0.00000,0.00000
96.50125,0.99750,1.00000,0.00000,0.00000,0.00000
96.60125,0.99750,1.00000,0.00000,0.00000,0.00000
96.70125,0.99751,1.00000,0.00000,0.00000,0.00000
96.80125,0.99751,1.00000,0.00000,0.00000,0.00000
96.90125,0.99750,1.00000,0.00000,0.00000,0.00000
97.00125,0.99750,1.00000,0.00000,0.00000,0.00000
97.10125,0.99750,1.00000,0.00000,0.00000,0.00000
97.20125,0.99751,1.00000,0.00000,0.00000,0.00000
97.30125,0.99751,0.99988,0.00000,0.00012,0.00000
97.40125,0.99750,0.99579,0.00000,0.00421,0.00000
97.50125,0.99750,0.96183,0.00000,0.03817,0.00000
97.60125,0.99750,0.48493,0.00000,0.51507,0.00000
97.70125,0.99751,0.04082,0.00000,0.95918,0.00000
97.80125,0.99751,0.02965,0.00000,0.97035,0.00000
97.90125,0.99750,0.03811,0.00000,0.96189,0.00000
98.00125,0.99750,0.04339,0.00000,0.95661,0.00000
98.10125,0.99750,0.37002,0.00000,0.62998,0.00000
98.20125,0.99751,0.78541,0.00001,0.21458,0.00000
98.30125,0.99751,0.99043,0.00285,0.00672,0.00000
98.40125,0.99750,0.99613,0.00187,0.00200,0.00000
98.50125,0.99750,0.99877,0.00094,0.00030,0.00000
98.60125,0.99750,0.99985,0.00013,0.00002,0.00000
98.70125,0.99751,0.99998,0.00001,0.00000,0.00001
98.80125,0.99751,0.99999,0.00000,0.00000,0.00001
98.90125,0.99750,1.00000,0.00000,0.00000,0.00000
99.00125,0.99750,1.00000,0.00000,0.00000,0.00000
99.10125,0.99750,1.00000,0.00000,0.00000,0.00000
99.20125,0.99751,1.00000,0.00000,0.00000,0.00000
99.30125,0.99751,1.00000,0.00000,0.00000,0.00000
99.40125,0.99750,0.99992,0.00000,0.00008,0.00000
99.50125,0.99750,0.99854,0.00000,0.00146,0.00000
99.60125,0.99750,0.98253,0.00000,0.01747,0.00000
99.70125,0.99751,0.86957,0.00000,0.13043,0.00000
99.80125,0.99751,0.14393,0.00000,0.85607,0.00000
99.90125,0.99750,0.00938,0.00000,0.99062,0.00000
100.00125,0.99750,0.00444,0.00000,0.99556,0.00000
100.10125,0.99750,0.00377,0.00000,0.99622,0.00000
100.20125,0.99751,0.06691,0.00000,0.93309,0.00000
100.30125,0.99751,0.73167,0.00000,0.26833,0.00000
100.40125,0.99750,0.99590,0.00005,0.00405,0.00000
100.50125,0.99750,0.99923,0.00067,0.00010,0.00000
100.60125,0.99750,0.99945,0.00054,0.00000,0.00000
100.70125,0.99751,0.99995,0.00005,0.00000,0.00000
100.80125,0.99751,1.00000,0.00000,0.00000,0.00000
100.90125,0.99750,1.00000,0.00000,0.00000,0.00000
101.00125,0.99750,1.00000,0.00000,0.00000,0.00000
101.10125,0.99750,1.00000,0.00000,0.00000,0.00000
101.20125,0.99751,1.00000,0.00000,0.00000,0.00000
101.30125,0.99751,1.00000,0.00000,0.00000,0.00000
101.40125,0.99750,1.00000,0.00000,0.00000,0.00000
101.50125,0.99750,1.00000,0.00000,0.00000,0.00000
101.60125,0.99750,1.00000,0.00000,0.00000,0.00000
101.70125,0.99751,1.00000,0.00000,0.00000,0.00000
101.80125,0.99751,1.00000,0.00000,0.00000,0.00000
101.90125,0.99750,0.99992,0.00000,0.00008,0.00000
102.00125,0.99750,0.99716,0.00000,0.00284,0.00000
102.10125,0.99750,0.93122,0.00000,0.06878,0.00000
102.20125,0.99751,0.23554,0.00000,0.76446,0.00000
102.30125,0.99751,0.01140,0.00000,0.98860,0.00000
102.40125,0.99750,0.00543,0.00000,0.99457,0.00000
102.50125,0.99750,0.00723,0.00000,0.99277,0.00000
102.60125,0.99750,0.02635,0.00000,0.97365,0.00000
102.70125,0.99751,0.22842,0.00000,0.77158,0.00000
102.80125,0.99751,0.94849,0.00000,0.05151,0.00000
102.90125,0.99750,0.99906,0.00010,0.00084,0.00000
103.00125,0.99750,0.99978,0.00012,0.00010,0.00000
103.10125,0.99750,0.99996,0.00003,0.00000,0.00000
103.20125,0.99751,1.00000,0.00000,0.00000,0.00000
103.30125,0.99751,1.00000,0.00000,0.00000,0.00000
103.40125,0.99750,1.00000,0.00000,0.00000,0.00000
103.50125,0.99750,1.00000,0.00000,0.00000,0.00000
103.60125,0.99750,1.00000,0.00000,0.00000,0.00000
103.70125,0.99751,1.00000,0.00000,0.00000,0.00000
103.80125,0.99751,1.00000,0.00000,0.00000,0.00000
103.90125,0.99750,1.00000,0.00000,0.00000,0.00000
104.00125,0.99750,1.00000,0.00000,0.00000,0.00000
104.10125,0.99750,1.00000,0.00000,0.00000,0.00000
104.20125,0.99751,1.00000,0.00000,0.00000,0.00000
104.30125,0.99751,1.00000,0.00000,0.00000,0.00000
104.40125,0.99750,1.00000,0.00000,0.00000,0.00000
104.50125,0.99750,0.99992,0.00000,0.00008,0.00000
104.60125,0.99750,0.99711,0.00000,0.00289,0.00000
104.70125,0.99751,0.89830,0.00000,0.10170,0.00000
104.80125,0.99751,0.15220,0.00000,0.84780,0.00000
104.90125,0.99750,0.00649,0.00000,0.99351,0.00000
105.00125,0.99750,0.00370,0.00000,0.99630,0.00000
105.10125,0.99750,0.00439,0.00000,0.99561,0.00000
105.20125,0.99751,0.00339,0.00000,0.99661,0.00000
105.30125,0.99751,0.09932,0.00000,0.90068,0.00000
105.40125,0.99750,0.86504,0.00000,0.13495,0.00000
105.50125,0.99750,0.99709,0.00105,0.00186,0.00000
105.60125,0.99750,0.99807,0.00175,0.00018,0.00000
105.70125,0.99751,0.99978,0.00021,0.00000,0.00000
105.80125,0.99751,0.99999,0.00001,0.00000,0.00000
105.90125,0.99750,1.00000,0.00000,0.00000,0.00000
106.00125,0.99750,1.00000,0.00000,0.00000,0.00000
106.10125,0.99750,1.00000,0.00000,0.00000,0.00000
106.20125,0.99751,1.00000,0.00000,0.00000,0.00000
106.30125,0.99751,1.00000,0.00000,0.00000,0.00000
106.40125,0.99750,1.00000,0.00000,0.00000,0.00000
106.50125,0.99750,1.00000,0.00000,0.00000,0.00000
106.60125,0.99750,1.00000,0.00000,0.00000,0.00000
106.70125,0.99751,1.00000,0.00000,0.00000,0.00000
106.80125,0.99751,1.00000,0.00000,0.00000,0.00000
106.90125,0.99750,1.00000,0.00000,0.00000,0.00000
107.00125,0.99750,0.99997,0.00000,0.00003,0.00000
107.10125,0.99750,0.99907,0.00000,0.00092,0.00001
107.20125,0.99751,0.98255,0.00000,0.01745,0.00000
107.30125,0.99751,0.63553,0.00000,0.36447,0.00000
107.40125,0.99750,0.03227,0.00000,0.96773,0.00000
107.50125,0.99750,0.00654,0.00000,0.99346,0.00000
107.60125,0.99750,0.00960,0.00000,0.99040,0.00000
107.70125,0.99751,0.00751,0.00000,0.99249,0.00000
107.80125,0.99751,0.08123,0.00000,0.91877,0.00000
107.90125,0.99750,0.76970,0.00000,0.23030,0.00000
108.00125,0.99750,0.99623,0.00003,0.00374,0.00000
108.10125,0.99750,0.99949,0.00015,0.00036,0.00000
108.20125,0.99751,0.99989,0.00010,0.00001,0.00000
108.30125,0.99751,0.99999,0.00001,0.00000,0.00000
108.40125,0.99750,1.00000,0.00000,0.00000,0.00000
108.50125,0.99750,1.00000,0.00000,0.00000,0.00000
108.60125,0.99750,1.00000,0.00000,0.00000,0.00000
108.70125,0.99751,1.00000,0.00000,0.00000,0.00000
108.80125,0.99751,1.00000,0.00000,0.00000,0.00000
108.90125,0.99750,1.00000,0.00000,0.00000,0.00000
109.00125,0.99750,1.00000,0.00000,0.00000,0.00000
109.10125,0.99750,1.00000,0.00000,0.00000,0.00000
109.20125,0.99751,1.00000,0.00000,0.00000,0.00000
109.30125,0.99751,1.00000,0.00000,0.00000,0.00000
109.40125,0.99750,1.00000,0.00000,0.00000,0.00000
109.50125,0.99750,1.00000,0.00000,0.00000,0.00000
109.60125,0.99750,0.99998,0.00000,0.00002,0.00000
109.70125,0.99751,0.99940,0.00000,0.00058,0.00001
109.80125,0.99751,0.98431,0.00000,0.01565,0.00004
109.90125,0.99750,0.73894,0.00000,0.26105,0.00001
110.00125,0.99750,0.15042,0.00000,0.84958,0.00000
110.10125,0.99750,0.11230,0.00000,0.88770,0.00000
110.20125,0.99751,0.12917,0.00000,0.87083,0.00000
110.30125,0.99751,0.11856,0.00000,0.88144,0.00000
110.40125,0.99750,0.64479,0.00002,0.35519,0.00000
110.50125,0.99750,0.93415,0.00001,0.06584,0.00000
110.60125,0.99750,0.99777,0.00003,0.00221,0.00000
110.70125,0.99751,0.99983,0.00013,0.00004,0.00000
110.80125,0.99751,0.99968,0.00031,0.00000,0.00000
110.90125,0.99750,0.99999,0.00001,0.00000,0.00000
111.00125,0.99750,1.00000,0.00000,0.00000,0.00000
111.10125,0.99750,1.00000,0.00000,0.00000,0.00000
111.20125,0.99751,1.00000,0.00000,0.00000,0.00000
111.30125,0.99751,1.00000,0.00000,0.00000,0.00000
111.40125,0.99750,1.00000,0.00000,0.00000,0.00000
111.50125,0.99750,1.00000,0.00000,0.00000,0.00000
111.60125,0.99750,1.00000,0.00000,0.00000,0.00000
111.70125,0.99751,1.00000,0.00000,0.00000,0.00000
111.80125,0.99751,1.00000,0.00000,0.00000,0.00000
111.90125,0.99750,1.00000,0.00000,0.00000,0.00000
112.00125,0.99750,1.00000,0.00000,0.00000,0.00000
112.10125,0.99750,1.00000,0.00000,0.00000,0.00000
112.20125,0.99751,1.00000,0.00000,0.00000,0.00000
112.30125,0.99751,1.00000,0.00000,0.00000,0.00000
112.40125,0.99750,1.00000,0.00000,0.00000,0.00000
112.50125,0.99750,1.00000,0.00000,0.00000,0.00000
112.60125,0.99750,1.00000,0.00000,0.00000,0.00000
112.70125,0.99751,1.00000,0.00000,0.00000,0.00000
112.80125,0.99751,1.00000,0.00000,0.00000,0.00000
112.90125,0.99750,1.00000,0.00000,0.00000,0.00000
113.00125,0.99750,0.99987,0.00000,0.00013,0.00000
113.10125,0.99750,0.99692,0.00000,0.00308,0.00000
113.20125,0.99751,0.89720,0.00000,0.10280,0.00000
113.30125,0.99751,0.17035,0.00000,0.82965,0.00000
113.40125,0.99750,0.00823,0.00000,0.99177,0.00000
113.50125,0.99750,0.00498,0.00000,0.99502,0.00000
113.60125,0.99750,0.00674,0.00000,0.99326,0.00000
113.70125,0.99751,0.00836,0.00000,0.99164,0.00000
113.80125,0.99751,0.18577,0.00000,0.81423,0.00000
113.90125,0.99750,0.90551,0.00000,0.09448,0.00000
114.00125,0.99750,0.99859,0.00005,0.00136,0.00000
114.10125,0.99750,0.99991,0.00002,0.00007,0.00000
114.20125,0.99751,0.99996,0.00004,0.00000,0.00000
114.30125,0.99751,0.99999,0.00001,0.00000,0.00000
114.40125,0.99750,1.00000,0.00000,0.00000,0.00000
114.50125,0.99750,1.00000,0.00000,0.00000,0.00000
114.60125,0.99750,1.00000,0.00000,0.00000,0.00000
114.70125,0.99751,1.00000,0.00000,0.00000,0.00000
114.80125,0.99751,1.00000,0.00000,0.00000,0.00000
114.90125,0.99750,1.00000,0.00000,0.00000,0.00000
115.00125,0.99750,1.00000,0.00000,0.00000,0.00000
115.10125,0.99750,1.00000,0.00000,0.00000,0.00000
115.20125,0.99751,0.99999,0.00001,0.00000,0.00000
115.30125,0.99751,0.99997,0.00000,0.00003,0.00000
115.40125,0.99750,0.99895,0.00000,0.00105,0.00000
115.50125,0.99750,0.95793,0.00001,0.04206,0.00000
115.60125,0.99750,0.33961,0.00001,0.66039,0.00000
115.70125,0.99751,0.01311,0.00000,0.98689,0.00000
115.80125,0.99751,0.00388,0.00000,0.99612,0.00000
115.90125,0.99750,0.00438,0.00000,0.99562,0.00000
116.00125,0.99750,0.01063,0.00000,0.98937,0.00000
116.10125,0.99750,0.17935,0.00000,0.82064,0.00000
116.20125,0.99751,0.87046,0.00000,0.12954,0.00000
116.30125,0.99751,0.99606,0.00016,0.00378,0.00000
116.40125,0.99750,0.99981,0.00009,0.00010,0.00000
116.50125,0.99750,0.99998,0.00002,0.00000,0.00000
116.60125,0.99750,1.00000,0.00000,0.00000,0.00000
116.70125,0.99751,1.00000,0.00000,0.00000,0.00000
116.80125,0.99751,1.00000,0.00000,0.00000,0.00000
116.90125,0.99750,1.00000,0.00000,0.00000,0.00000
117.00125,0.99750,1.00000,0.00000,0.00000,0.00000
117.10125,0.99750,1.00000,0.00000,0.00000,0.00000
117.20125,0.99751,1.00000,0.00000,0.00000,0.00000
117.30125,0.99751,1.00000,0.00000,0.00000,0.00000
117.40125,0.99750,1.00000,0.00000,0.00000,0.00000
117.50125,0.99750,1.00000,0.00000,0.00000,0.00000
117.60125,0.99750,0.99999,0.00000,0.00000,0.00000
117.70125,0.99751,0.99988,0.00000,0.00012,0.00000
117.80125,0.99751,0.99592,0.00000,0.00407,0.00000
117.90125,0.99750,0.89458,0.00000,0.10540,0.00001
118.00125,0.99750,0.26449,0.00001,0.73550,0.00000
118.10125,0.99750,0.01610,0.00000,0.98390,0.00000
118.20125,0.99751,0.01341,0.00000,0.98659,0.00000
118.30125,0.99751,0.01392,0.00000,0.98608,0.00000
118.40125,0.99750,0.04979,0.00000,0.95021,0.00000
118.50125,0.99750,0.41619,0.00000,0.58381,0.00000
118.60125,0.99750,0.94272,0.00001,0.05727,0.00000
118.70125,0.99751,0.99834,0.00132,0.00034,0.00000
118.80125,0.99751,0.99974,0.00020,0.00006,0.00000
118.90125,0.99750,0.99996,0.00004,0.00000,0.00000
119.00125,0.99750,1.00000,0.00000,0.00000,0.00000
119.10125,0.99750,1.00000,0.00000,0.00000,0.00000
119.20125,0.99751,1.00000,0.00000,0.00000,0.00000
119.30125,0.99751,1.00000,0.00000,0.00000,0.00000
119.40125,0.99750,1.00000,0.00000,0.00000,0.00000
119.50125,0.99750,0.99999,0.00000,0.00000,0.00000
119.60125,0.99750,0.99980,0.00000,0.00020,0.00000
119.70125,0.99751,0.99244,0.00000,0.00756,0.00000
119.80125,0.99751,0.80042,0.00000,0.19957,0.00000
119.90125,0.99750,0.11263,0.00000,0.88737,0.00000
120.00125,0.99750,0.01182,0.00000,0.98818,0.00000
120.10125,0.99750,0.00511,0.00000,0.99489,0.00000
120.20125,0.99751,0.00641,0.00000,0.99359,0.00000
120.30125,0.99751,0.00555,0.00000,0.99445,0.00000
120.40125,0.99750,0.02422,0.00000,0.97578,0.00000
120.50125,0.99750,0.14859,0.00000,0.85141,0.00000
120.60125,0.99750,0.62516,0.00003,0.37481,0.00000
120.70125,0.99751,0.97305,0.00040,0.02655,0.00000
120.80125,0.99751,0.99495,0.00022,0.00483,0.00000
120.90125,0.99750,0.99953,0.00006,0.00041,0.00000
121.00125,0.99750,0.99995,0.00000,0.00002,0.00002
121.10125,0.99750,0.99998,0.00000,0.00000,0.00002
121.20125,0.99751,0.99998,0.00000,0.00000,0.00002
121.30125,0.99751,0.99998,0.00000,0.00000,0.00002
121.40125,0.99750,0.99984,0.00000,0.00000,0.00016
121.50125,0.99750,1.00000,0.00000,0.00000,0.00000
121.60125,0.99750,1.00000,0.00000,0.00000,0.00000
121.70125,0.99751,1.00000,0.00000,0.00000,0.00000
121.80125,0.99751,1.00000,0.00000,0.00000,0.00000
121.90125,0.99750,1.00000,0.00000,0.00000,0.00000
122.00125,0.99750,1.00000,0.00000,0.00000,0.00000
122.10125,0.99750,1.00000,0.00000,0.00000,0.00000
122.20125,0.99751,1.00000,0.00000,0.00000,0.00000
122.30125,0.99751,1.00000,0.00000,0.00000,0.00000
122.40125,0.99750,1.00000,0.00000,0.00000,0.00000
122.50125,0.99750,1.00000,0.00000,0.00000,0.00000
122.60125,0.99750,1.00000,0.00000,0.00000,0.00000
122.70125,0.99751,1.00000,0.00000,0.00000,0.00000
122.80125,0.99751,1.00000,0.00000,0.00000,0.00000
122.90125,0.99750,1.00000,0.00000,0.00000,0.00000
123.00125,0.99750,1.00000,0.00000,0.00000,0.00000
123.10125,0.99750,1.00000,0.00000,0.00000,0.00000
123.20125,0.99751,1.00000,0.00000,0.00000,0.00000
123.30125,0.99751,1.00000,0.00000,0.00000,0.00000
123.40125,0.99750,1.00000,0.00000,0.00000,0.00000
123.50125,0.99750,1.00000,0.00000,0.00000,0.00000
123.60125,0.99750,1.00000,0.00000,0.00000,0.00000
123.70125,0.99751,1.00000,0.00000,0.00000,0.00000
123.80125,0.99751,1.00000,0.00000,0.00000,0.00000
123.90125,0.99750,1.00000,0.00000,0.00000,0.00000
124.00125,0.99750,1.00000,0.00000,0.00000,0.00000
124.10125,0.99750,1.00000,0.00000,0.00000,0.00000
124.20125,0.99751,1.00000,0.00000,0.00000,0.00000
124.30125,0.99751,1.00000,0.00000,0.00000,0.00000
124.40125,0.99750,1.00000,0.00000,0.00000,0.00000
124.50125,0.99750,1.00000,0.00000,0.00000,0.00000
124.60125,0.99750,1.00000,0.00000,0.00000,0.00000
124.70125,0.99751,1.00000,0.00000,0.00000,0.00000
124.80125,0.99751,1.00000,0.00000,0.00000,0.00000
124.90125,0.99750,1.00000,0.00000,0.00000,0.00000
125.00125,0.99750,1.00000,0.00000,0.00000,0.00000
125.10125,0.99750,1.00000,0.00000,0.00000,0.00000
125.20125,0.99751,1.00000,0.00000,0.00000,0.00000
125.30125,0.99751,1.00000,0.00000,0.00000,0.00000
125.40125,0.99750,1.00000,0.00000,0.00000,0.00000
125.50125,0.99750,1.00000,0.00000,0.00000,0.00000
125.60125,0.99750,1.00000,0.00000,0.00000,0.00000
125.70125,0.99751,1.00000,0.00000,0.00000,0.00000
125.80125,0.99751,1.00000,0.00000,0.00000,0.00000
125.90125,0.99750,1.00000,0.00000,0.00000,0.00000
126.00125,0.99750,1.00000,0.00000,0.00000,0.00000
126.10125,0.99750,1.00000,0.00000,0.00000,0.00000
126.20125,0.99751,1.00000,0.00000,0.00000,0.00000
126.30125,0.99751,1.00000,0.00000,0.00000,0.00000
126.40125,0.99750,1.00000,0.00000,0.00000,0.00000
126.50125,0.99750,1.00000,0.00000,0.00000,0.00000
126.60125,0.99750,1.00000,0.00000,0.00000,0.00000
126.70125,0.99751,1.00000,0.00000,0.00000,0.00000
126.80125,0.99751,1.00000,0.00000,0.00000,0.00000
126.90125,0.99750,1.00000,0.00000,0.00000,0.00000
127.00125,0.99750,1.00000,0.00000,0.00000,0.00000
127.10125,0.99751,1.00000,0.00000,0.00000,0.00000
127.20125,0.99750,1.00000,0.00000,0.00000,0.00000
127.30125,0.99751,1.00000,0.00000,0.00000,0.00000
127.40125,0.99749,1.00000,0.00000,0.00000,0.00000
127.50125,0.99750,1.00000,0.00000,0.00000,0.00000
127.60125,0.99751,1.00000,0.00000,0.00000,0.00000
127.70125,0.99750,1.00000,0.00000,0.00000,0.00000
127.80125,0.99751,1.00000,0.00000,0.00000,0.00000
127.90125,0.99749,1.00000,0.00000,0.00000,0.00000
128.00125,0.99750,1.00000,0.00000,0.00000,0.00000
128.10126,0.99750,1.00000,0.00000,0.00000,0.00000
128.20125,0.99750,1.00000,0.00000,0.00000,0.00000
128.30125,0.99750,1.00000,0.00000,0.00000,0.00000
128.40125,0.99750,1.00000,0.00000,0.00000,0.00000
128.50125,0.99750,1.00000,0.00000,0.00000,0.00000
128.60126,0.99750,1.00000,0.00000,0.00000,0.00000
128.70125,0.99750,1.00000,0.00000,0.00000,0.00000
128.80125,0.99750,1.00000,0.00000,0.00000,0.00000
128.90125,0.99750,1.00000,0.00000,0.00000,0.00000
129.00125,0.99750,1.00000,0.00000,0.00000,0.00000
129.10126,0.99750,1.00000,0.00000,0.00000,0.00000
129.20125,0.99750,1.00000,0.00000,0.00000,0.00000
129.30125,0.99750,1.00000,0.00000,0.00000,0.00000
129.40125,0.99750,1.00000,0.00000,0.00000,0.00000
129.50125,0.99750,1.00000,0.00000,0.00000,0.00000
129.60126,0.99750,1.00000,0.00000,0.00000,0.00000
129.70125,0.99750,1.00000,0.00000,0.00000,0.00000
129.80125,0.99750,1.00000,0.00000,0.00000,0.00000
129.90125,0.99750,1.00000,0.00000,0.00000,0.00000
130.00125,0.99750,1.00000,0.00000,0.00000,0.00000
130.10126,0.99750,1.00000,0.00000,0.00000,0.00000
130.20125,0.99750,1.00000,0.00000,0.00000,0.00000
130.30125,0.99750,1.00000,0.00000,0.00000,0.00000
130.40125,0.99750,1.00000,0.00000,0.00000,0.00000
130.50125,0.99750,1.00000,0.00000,0.00000,0.00000
130.60126,0.99750,1.00000,0.00000,0.00000,0.00000
130.70125,0.99750,1.00000,0.00000,0.00000,0.00000
130.80125,0.99750,1.00000,0.00000,0.00000,0.00000
130.90125,0.99750,1.00000,0.00000,0.00000,0.00000
131.00125,0.99750,1.00000,0.00000,0.00000,0.00000
131.10126,0.99750,1.00000,0.00000,0.00000,0.00000
131.20125,0.99750,1.00000,0.00000,0.00000,0.00000
131.30125,0.99750,1.00000,0.00000,0.00000,0.00000
131.40125,0.99750,1.00000,0.00000,0.00000,0.00000
131.50125,0.99750,1.00000,0.00000,0.00000,0.00000
131.60126,0.99750,1.00000,0.00000,0.00000,0.00000
131.70125,0.99750,1.00000,0.00000,0.00000,0.00000
131.80125,0.99750,1.00000,0.00000,0.00000,0.00000
131.90125,0.99750,1.00000,0.00000,0.00000,0.00000
132.00125,0.99750,1.00000,0.00000,0.00000,0.00000
132.10126,0.99750,1.00000,0.00000,0.00000,0.00000
132.20125,0.99750,1.00000,0.00000,0.00000,0.00000
132.30125,0.99750,1.00000,0.00000,0.00000,0.00000
132.40125,0.99750,1.00000,0.00000,0.00000,0.00000
132.50125,0.99750,1.00000,0.00000,0.00000,0.00000
132.60126,0.99750,1.00000,0.00000,0.00000,0.00000
132.70125,0.99750,1.00000,0.00000,0.00000,0.00000
132.80125,0.99750,1.00000,0.00000,0.00000,0.00000
132.90125,0.99750,1.00000,0.00000,0.00000,0.00000
133.00125,0.99750,1.00000,0.00000,0.00000,0.00000
133.10126,0.99750,1.00000,0.00000,0.00000,0.00000
133.20125,0.99750,1.00000,0.00000,0.00000,0.00000
133.30125,0.99750,1.00000,0.00000,0.00000,0.00000
133.40125,0.99750,1.00000,0.00000,0.00000,0.00000
133.50125,0.99750,1.00000,0.00000,0.00000,0.00000
133.60126,0.99750,1.00000,0.00000,0.00000,0.00000
133.70125,0.99750,1.00000,0.00000,0.00000,0.00000
133.80125,0.99750,1.00000,0.00000,0.00000,0.00000
133.90125,0.99750,1.00000,0.00000,0.00000,0.00000
134.00125,0.99750,1.00000,0.00000,0.00000,0.00000
134.10126,0.99750,1.00000,0.00000,0.00000,0.00000
134.20125,0.99750,1.00000,0.00000,0.00000,0.00000
134.30125,0.99750,1.00000,0.00000,0.00000,0.00000
134.40125,0.99750,1.00000,0.00000,0.00000,0.00000
134.50125,0.99750,1.00000,0.00000,0.00000,0.00000
134.60126,0.99750,1.00000,0.00000,0.00000,0.00000
134.70125,0.99750,1.00000,0.00000,0.00000,0.00000
134.80125,0.99750,1.00000,0.00000,0.00000,0.00000
134.90125,0.99750,1.00000,0.00000,0.00000,0.00000
135.00125,0.99750,1.00000,0.00000,0.00000,0.00000
135.10126,0.99750,1.00000,0.00000,0.00000,0.00000
135.20125,0.99750,1.00000,0.00000,0.00000,0.00000
135.30125,0.99750,0.99994,0.00000,0.00005,0.00000
135.40125,0.99750,0.99853,0.00000,0.00141,0.00006
135.50125,0.99750,0.97567,0.00000,0.02430,0.00003
135.60126,0.99750,0.86609,0.00000,0.13391,0.00000
135.70125,0.99750,0.43183,0.00000,0.56817,0.00000
135.80125,0.99750,0.02952,0.00000,0.97048,0.00000
135.90125,0.99750,0.00476,0.00000,0.99524,0.00000
136.00125,0.99750,0.00374,0.00000,0.99626,0.00000
136.10126,0.99750,0.09098,0.00000,0.90902,0.00000
136.20125,0.99750,0.80575,0.00000,0.19425,0.00000
136.30125,0.99750,0.99839,0.00003,0.00158,0.00000
136.40125,0.99750,0.99975,0.00022,0.00003,0.00000
136.50125,0.99750,0.99991,0.00009,0.00000,0.00000
136.60126,0.99750,0.99999,0.00001,0.00000,0.00000
136.70125,0.99750,1.00000,0.00000,0.00000,0.00000
136.80125,0.99750,1.00000,0.00000,0.00000,0.00000
136.90125,0.99750,1.00000,0.00000,0.00000,0.00000
137.00125,0.99750,1.00000,0.00000,0.00000,0.00000
137.10126,0.99750,1.00000,0.00000,0.00000,0.00000
137.20125,0.99750,1.00000,0.00000,0.00000,0.00000
137.30125,0.99750,1.00000,0.00000,0.00000,0.00000
137.40125,0.99750,1.00000,0.00000,0.00000,0.00000
137.50125,0.99750,1.00000,0.00000,0.00000,0.00000
137.60126,0.99750,1.00000,0.00000,0.00000,0.00000
137.70125,0.99750,1.00000,0.00000,0.00000,0.00000
137.80125,0.99750,0.99996,0.00000,0.00004,0.00000
137.90125,0.99750,0.99857,0.00000,0.00143,0.00000
138.00125,0.99750,0.94770,0.00000,0.05230,0.00000
138.10126,0.99750,0.33091,0.00000,0.66909,0.00000
138.20125,0.99750,0.01531,0.00000,0.98469,0.00000
138.30125,0.99750,0.00482,0.00000,0.99518,0.00000
138.40125,0.99750,0.00608,0.00000,0.99392,0.00000
138.50125,0.99750,0.05765,0.00000,0.94235,0.00000
138.60126,0.99750,0.64453,0.00000,0.35547,0.00000
138.70125,0.99750,0.99279,0.00000,0.00721,0.00000
138.80125,0.99750,0.99985,0.00006,0.00009,0.00000
138.90125,0.99750,0.99993,0.00007,0.00001,0.00000
139.00125,0.99750,0.99998,0.00002,0.00000,0.00000
139.10126,0.99750,1.00000,0.00000,0.00000,0.00000
139.20125,0.99750,1.00000,0.00000,0.00000,0.00000
139.30125,0.99750,1.00000,0.00000,0.00000,0.00000
139.40125,0.99750,1.00000,0.00000,0.00000,0.00000
139.50125,0.99750,1.00000,0.00000,0.00000,0.00000
139.60126,0.99750,1.00000,0.00000,0.00000,0.00000
139.70125,0.99750,1.00000,0.00000,0.00000,0.00000
139.80125,0.99750,1.00000,0.00000,0.00000,0.00000
139.90125,0.99750,1.00000,0.00000,0.00000,0.00000
140.00125,0.99750,1.00000,0.00000,0.00000,0.00000
140.10126,0.99750,1.00000,0.00000,0.00000,0.00000
140.20125,0.99750,1.00000,0.00000,0.00000,0.00000
140.30125,0.99750,1.00000,0.00000,0.00000,0.00000
140.40125,0.99750,1.00000,0.00000,0.00000,0.00000
140.50125,0.99750,1.00000,0.00000,0.00000,0.00000
140.60126,0.99750,1.00000,0.00000,0.00000,0.00000
140.70125,0.99750,1.00000,0.00000,0.00000,0.00000
140.80125,0.99750,0.99999,0.00000,0.00001,0.00000
140.90125,0.99750,0.99943,0.00000,0.00057,0.00000
141.00125,0.99750,0.98390,0.00000,0.01610,0.00000
141.10126,0.99750,0.71188,0.00000,0.28812,0.00000
141.20125,0.99750,0.05916,0.00000,0.94084,0.00000
141.30125,0.99750,0.00553,0.00000,0.99447,0.00000
141.40125,0.99750,0.00545,0.00000,0.99455,0.00000
141.50125,0.99750,0.00841,0.00000,0.99159,0.00000
141.60126,0.99750,0.15855,0.00000,0.84145,0.00000
141.70125,0.99750,0.88540,0.00000,0.11460,0.00000
141.80125,0.99750,0.99829,0.00002,0.00169,0.00000
141.90125,0.99750,0.99948,0.00048,0.00004,0.00000
142.00125,0.99750,0.99993,0.00007,0.00000,0.00000
142.10126,0.99750,1.00000,0.00000,0.00000,0.00000
142.20125,0.99750,1.00000,0.00000,0.00000,0.00000
142.30125,0.99750,1.00000,0.00000,0.00000,0.00000
142.40125,0.99750,1.00000,0.00000,0.00000,0.00000
142.50125,0.99750,1.00000,0.00000,0.00000,0.00000
142.60126,0.99750,1.00000,0.00000,0.00000,0.00000
142.70125,0.99750,1.00000,0.00000,0.00000,0.00000
142.80125,0.99750,1.00000,0.00000,0.00000,0.00000
142.90125,0.99750,1.00000,0.00000,0.00000,0.00000
143.00125,0.99750,1.00000,0.00000,0.00000,0.00000
143.10126,0.99750,1.00000,0.00000,0.00000,0.00000
143.20125,0.99750,1.00000,0.00000,0.00000,0.00000
143.30125,0.99750,1.00000,0.00000,0.00000,0.00000
143.40125,0.99750,1.00000,0.00000,0.00000,0.00000
143.50125,0.99750,1.00000,0.00000,0.00000,0.00000
143.60126,0.99750,1.00000,0.00000,0.00000,0.00000
143.70125,0.99750,1.00000,0.00000,0.00000,0.00000
143.80125,0.99750,1.00000,0.00000,0.00000,0.00000
143.90125,0.99750,1.00000,0.00000,0.00000,0.00000
144.00125,0.99750,1.00000,0.00000,0.00000,0.00000
144.10126,0.99750,1.00000,0.00000,0.00000,0.00000
144.20125,0.99750,1.00000,0.00000,0.00000,0.00000
144.30125,0.99750,1.00000,0.00000,0.00000,0.00000
144.40125,0.99750,1.00000,0.00000,0.00000,0.00000
144.50125,0.99750,1.00000,0.00000,0.00000,0.00000
144.60126,0.99750,1.00000,0.00000,0.00000,0.00000
144.70125,0.99750,1.00000,0.00000,0.00000,0.00000
144.80125,0.99750,1.00000,0.00000,0.00000,0.00000
144.90125,0.99750,1.00000,0.00000,0.00000,0.00000
145.00125,0.99750,1.00000,0.00000,0.00000,0.00000
145.10126,0.99750,1.00000,0.00000,0.00000,0.00000
145.20125,0.99750,1.00000,0.00000,0.00000,0.00000
145.30125,0.99750,1.00000,0.00000,0.00000,0.00000
145.40125,0.99750,1.00000,0.00000,0.00000,0.00000
145.50125,0.99750,1.00000,0.00000,0.00000,0.00000
145.60126,0.99750,0.99997,0.00000,0.00003,0.00000
145.70125,0.99750,0.99870,0.00000,0.00130,0.00000
145.80125,0.99750,0.95245,0.00000,0.04755,0.00000
145.90125,0.99750,0.44230,0.00000,0.55770,0.00000
146.00125,0.99750,0.03868,0.00000,0.96132,0.00000
146.10126,0.99750,0.00394,0.00000,0.99606,0.00000
146.20125,0.99750,0.00297,0.00000,0.99703,0.00000
146.30125,0.99750,0.05301,0.00000,0.94699,0.00000
146.40125,0.99750,0.58911,0.00000,0.41089,0.00000
146.50125,0.99750,0.99106,0.00000,0.00894,0.00000
146.60126,0.99750,0.99989,0.00008,0.00003,0.00000
146.70125,0.99750,0.99997,0.00003,0.00001,0.00000
146.80125,0.99750,0.99999,0.00001,0.00000,0.00000
146.90125,0.99750,1.00000,0.00000,0.00000,0.00000
147.00125,0.99750,1.00000,0.00000,0.00000,0.00000
147.10126,0.99750,1.00000,0.00000,0.00000,0.00000
147.20125,0.99750,1.00000,0.00000,0.00000,0.00000
147.30125,0.99750,1.00000,0.00000,0.00000,0.00000
147.40125,0.99750,1.00000,0.00000,0.00000,0.00000
147.50125,0.99750,1.00000,0.00000,0.00000,0.00000
147.60126,0.99750,1.00000,0.00000,0.00000,0.00000
147.70125,0.99750,1.00000,0.00000,0.00000,0.00000
147.80125,0.99750,1.00000,0.00000,0.00000,0.00000
147.90125,0.99750,1.00000,0.00000,0.00000,0.00000
148.00125,0.99750,1.00000,0.00000,0.00000,0.00000
148.10126,0.99750,1.00000,0.00000,0.00000,0.00000
148.20125,0.99750,0.99993,0.00000,0.00007,0.00000
148.30125,0.99750,0.99715,0.00000,0.00285,0.00000
148.40125,0.99750,0.93389,0.00000,0.06611,0.00000
148.50125,0.99750,0.28102,0.00000,0.71898,0.00000
148.60126,0.99750,0.01449,0.00000,0.98551,0.00000
148.70125,0.99750,0.00471,0.00000,0.99529,0.00000
148.80125,0.99750,0.00591,0.00000,0.99409,0.00000
148.90125,0.99750,0.03480,0.00000,0.96520,0.00000
149.00125,0.99750,0.54637,0.00000,0.45363,0.00000
149.10126,0.99750,0.98991,0.00000,0.01009,0.00000
149.20125,0.99750,0.99971,0.00024,0.00005,0.00000
149.30125,0.99750,0.99993,0.00006,0.00001,0.00000
149.40125,0.99750,0.99998,0.00001,0.00000,0.00000
149.50125,0.99750,1.00000,0.00000,0.00000,0.00000
149.60126,0.99750,1.00000,0.00000,0.00000,0.00000
149.70125,0.99750,1.00000,0.00000,0.00000,0.00000
149.80125,0.99750,1.00000,0.00000,0.00000,0.00000
149.90125,0.99750,1.00000,0.00000,0.00000,0.00000
150.00125,0.99750,1.00000,0.00000,0.00000,0.00000
150.10126,0.99750,1.00000,0.00000,0.00000,0.00000
150.20125,0.99750,1.00000,0.00000,0.00000,0.00000
150.30125,0.99750,1.00000,0.00000,0.00000,0.00000
150.40125,0.99750,1.00000,0.00000,0.00000,0.00000
150.50125,0.99750,1.00000,0.00000,0.00000,0.00000
150.60126,0.99750,0.99990,0.00000,0.00010,0.00000
150.70125,0.99750,0.99598,0.00000,0.00402,0.00000
150.80125,0.99750,0.84322,0.00000,0.15678,0.00000
150.90125,0.99750,0.10446,0.00000,0.89554,0.00000
151.00125,0.99750,0.00560,0.00000,0.99440,0.00000
151.10126,0.99750,0.00382,0.00000,0.99618,0.00000
151.20125,0.99750,0.00490,0.00000,0.99510,0.00000
151.30125,0.99750,0.08139,0.00000,0.91861,0.00000
151.40125,0.99750,0.70859,0.00000,0.29141,0.00000
151.50125,0.99750,0.99755,0.00002,0.00243,0.00000
151.60126,0.99750,0.99980,0.00014,0.00006,0.00000
151.70125,0.99750,0.99994,0.00005,0.00000,0.00000
151.80125,0.99750,0.99999,0.00001,0.00000,0.00000
151.90125,0.99750,1.00000,0.00000,0.00000,0.00000
152.00125,0.99750,1.00000,0.00000,0.00000,0.00000
152.10126,0.99750,1.00000,0.00000,0.00000,0.00000
152.20125,0.99750,1.00000,0.00000,0.00000,0.00000
152.30125,0.99750,1.00000,0.00000,0.00000,0.00000
152.40125,0.99750,1.00000,0.00000,0.00000,0.00000
152.50125,0.99750,1.00000,0.00000,0.00000,0.00000
152.60126,0.99750,1.00000,0.00000,0.00000,0.00000
152.70125,0.99750,1.00000,0.00000,0.00000,0.00000
152.80125,0.99750,0.99999,0.00001,0.00000,0.00000
152.90125,0.99750,0.99991,0.00000,0.00009,0.00000
153.00125,0.99750,0.99779,0.00000,0.00221,0.00000
153.10126,0.99750,0.92988,0.00000,0.07011,0.00000
153.20125,0.99750,0.21130,0.00000,0.78870,0.00000
153.30125,0.99750,0.01019,0.00000,0.98981,0.00000
153.40125,0.99750,0.00331,0.00000,0.99669,0.00000
153.50125,0.99750,0.00382,0.00000,0.99618,0.00000
153.60126,0.99750,0.00911,0.00000,0.99088,0.00000
153.70125,0.99750,0.17217,0.00000,0.82782,0.00000
153.80125,0.99750,0.90520,0.00000,0.09480,0.00000
153.90125,0.99750,0.99912,0.00011,0.00077,0.00000
154.00125,0.99750,0.99991,0.00004,0.00004,0.00000
154.10126,0.99750,0.99996,0.00004,0.00000,0.00000
154.20125,0.99750,1.00000,0.00000,0.00000,0.00000
154.30125,0.99750,1.00000,0.00000,0.00000,0.00000
154.40125,0.99750,1.00000,0.00000,0.00000,0.00000
154.50125,0.99750,1.00000,0.00000,0.00000,0.00000
154.60126,0.99750,1.00000,0.00000,0.00000,0.00000
154.70125,0.99750,1.00000,0.00000,0.00000,0.00000
154.80125,0.99750,1.00000,0.00000,0.00000,0.00000
154.90125,0.99750,1.00000,0.00000,0.00000,0.00000
155.00125,0.99750,1.00000,0.00000,0.00000,0.00000
155.10126,0.99750,1.00000,0.00000,0.00000,0.00000
155.20125,0.99750,1.00000,0.00000,0.00000,0.00000
155.30125,0.99750,0.99999,0.00001,0.00000,0.00000
155.40125,0.99750,0.99999,0.00001,0.00000,0.00000
155.50125,0.99750,0.99999,0.00000,0.00001,0.00000
155.60126,0.99750,0.99946,0.00000,0.00054,0.00000
155.70125,0.99750,0.98165,0.00000,0.01835,0.00000
155.80125,0.99750,0.48297,0.00000,0.51703,0.00000
155.90125,0.99750,0.02431,0.00000,0.97569,0.00000
156.00125,0.99750,0.00564,0.00000,0.99436,0.00000
156.10126,0.99750,0.00660,0.00000,0.99340,0.00000
156.20125,0.99750,0.04587,0.00000,0.95412,0.00000
156.30125,0.99750,0.41518,0.00000,0.58481,0.00000
156.40125,0.99750,0.97177,0.00001,0.02823,0.00000
156.50125,0.99750,0.99947,0.00046,0.00007,0.00000
156.60126,0.99750,0.99957,0.00041,0.00002,0.00000
156.70125,0.99750,0.99996,0.00004,0.00000,0.00000
156.80125,0.99750,1.00000,0.00000,0.00000,0.00000
156.90125,0.99750,1.00000,0.00000,0.00000,0.00000
157.00125,0.99750,1.00000,0.00000,0.00000,0.00000
157.10126,0.99750,1.00000,0.00000,0.00000,0.00000
157.20125,0.99750,1.00000,0.00000,0.00000,0.00000
157.30125,0.99750,1.00000,0.00000,0.00000,0.00000
157.40125,0.99750,1.00000,0.00000,0.00000,0.00000
157.50125,0.99750,1.00000,0.00000,0.00000,0.00000
157.60126,0.99750,1.00000,0.00000,0.00000,0.00000
157.70125,0.99750,1.00000,0.00000,0.00000,0.00000
157.80125,0.99750,1.00000,0.00000,0.00000,0.00000
157.90125,0.99750,1.00000,0.00000,0.00000,0.00000
158.00125,0.99750,0.99999,0.00001,0.00000,0.00000
158.10126,0.99750,1.00000,0.00000,0.00000,0.00000
158.20125,0.99750,0.99991,0.00000,0.00009,0.00000
158.30125,0.99750,0.99675,0.00000,0.00325,0.00000
158.40125,0.99750,0.85987,0.00000,0.14013,0.00000
158.50125,0.99750,0.10690,0.00000,0.89310,0.00000
158.60126,0.99750,0.00459,0.00000,0.99541,0.00000
158.70125,0.99750,0.00191,0.00000,0.99809,0.00000
158.80125,0.99750,0.00239,0.00000,0.99761,0.00000
158.90125,0.99750,0.00711,0.00000,0.99289,0.00000
159.00125,0.99750,0.11685,0.00000,0.88315,0.00000
159.10126,0.99750,0.91305,0.00001,0.08694,0.00000
159.20125,0.99750,0.99725,0.00034,0.00241,0.00000
159.30125,0.99750,0.99962,0.00006,0.00032,0.00000
159.40125,0.99750,0.99993,0.00006,0.00001,0.00000
159.50125,0.99750,1.00000,0.00000,0.00000,0.00000
159.60126,0.99750,1.00000,0.00000,0.00000,0.00000
159.70125,0.99750,1.00000,0.00000,0.00000,0.00000
159.80125,0.99750,1.00000,0.00000,0.00000,0.00000
159.90125,0.99750,1.00000,0.00000,0.00000,0.00000
160.00125,0.99750,1.00000,0.00000,0.00000,0.00000
160.10126,0.99750,1.00000,0.00000,0.00000,0.00000
160.20125,0.99750,1.00000,0.00000,0.00000,0.00000
160.30125,0.99750,1.00000,0.00000,0.00000,0.00000
160.40125,0.99750,1.00000,0.00000,0.00000,0.00000
160.50125,0.99750,1.00000,0.00000,0.00000,0.00000
160.60126,0.99750,1.00000,0.00000,0.00000,0.00000
160.70125,0.99750,0.99999,0.00001,0.00000,0.00000
160.80125,0.99750,0.99999,0.00000,0.00001,0.00000
160.90125,0.99750,0.99959,0.00000,0.00041,0.00000
161.00125,0.99750,0.99167,0.00000,0.00833,0.00000
161.10126,0.99750,0.77916,0.00000,0.22084,0.00000
161.20125,0.99750,0.06377,0.00000,0.93623,0.00000
161.30125,0.99750,0.00748,0.00000,0.99252,0.00000
161.40125,0.99750,0.00526,0.00000,0.99474,0.00000
161.50125,0.99750,0.00559,0.00000,0.99441,0.00000
161.60126,0.99750,0.04245,0.00000,0.95755,0.00000
161.70125,0.99750,0.52658,0.00000,0.47342,0.00000
161.80125,0.99750,0.99518,0.00002,0.00480,0.00000
161.90125,0.99750,0.99947,0.00004,0.00049,0.00000
162.00125,0.99750,0.99991,0.00004,0.00005,0.00000
162.10126,0.99750,0.99999,0.00001,0.00000,0.00000
162.20125,0.99750,1.00000,0.00000,0.00000,0.00000
162.30125,0.99750,1.00000,0.00000,0.00000,0.00000
162.40125,0.99750,1.00000,0.00000,0.00000,0.00000
162.50125,0.99750,1.00000,0.00000,0.00000,0.00000
162.60126,0.99750,1.00000,0.00000,0.00000,0.00000
162.70125,0.99750,1.00000,0.00000,0.00000,0.00000
162.80125,0.99750,1.00000,0.00000,0.00000,0.00000
162.90125,0.99750,0.99999,0.00001,0.00000,0.00000
163.00125,0.99750,0.99997,0.00000,0.00003,0.00000
163.10126,0.99750,0.99890,0.00000,0.00110,0.00000
163.20125,0.99750,0.96293,0.00000,0.03707,0.00000
163.30125,0.99750,0.35760,0.00000,0.64240,0.00000
163.40125,0.99750,0.02090,0.00000,0.97909,0.00000
163.50125,0.99750,0.00558,0.00000,0.99442,0.00000
163.60126,0.99750,0.00582,0.00000,0.99418,0.00000
163.70125,0.99750,0.00514,0.00000,0.99486,0.00000
163.80125,0.99750,0.09566,0.00000,0.90434,0.00000
163.90125,0.99750,0.76682,0.00000,0.23318,0.00000
164.00125,0.99750,0.99381,0.00003,0.00616,0.00000
164.10126,0.99750,0.99982,0.00004,0.00014,0.00000
164.20125,0.99750,0.99998,0.00002,0.00000,0.00000
164.30125,0.99750,1.00000,0.00000,0.00000,0.00000
164.40125,0.99750,1.00000,0.00000,0.00000,0.00000
164.50125,0.99750,1.00000,0.00000,0.00000,0.00000
164.60126,0.99750,1.00000,0.00000,0.00000,0.00000
164.70125,0.99750,1.00000,0.00000,0.00000,0.00000
164.80125,0.99750,1.00000,0.00000,0.00000,0.00000
164.90125,0.99750,1.00000,0.00000,0.00000,0.00000
165.00125,0.99750,0.99999,0.00001,0.00000,0.00000
165.10126,0.99750,0.99998,0.00001,0.00001,0.00000
165.20125,0.99750,0.99944,0.00000,0.00056,0.00000
165.30125,0.99750,0.98251,0.00000,0.01749,0.00000
165.40125,0.99750,0.64298,0.00001,0.35702,0.00000
165.50125,0.99750,0.04111,0.00000,0.95889,0.00000
165.60126,0.99750,0.00848,0.00000,0.99152,0.00000
165.70125,0.99750,0.00847,0.00000,0.99153,0.00000
165.80125,0.99750,0.00894,0.00000,0.99106,0.00000
165.90125,0.99750,0.08348,0.00000,0.91651,0.00000
166.00125,0.99750,0.80075,0.00001,0.19925,0.00000
166.10126,0.99750,0.99537,0.00002,0.00460,0.00000
166.20125,0.99750,0.99961,0.00026,0.00013,0.00000
166.30125,0.99750,0.99983,0.00016,0.00000,0.00000
166.40125,0.99750,0.99993,0.00007,0.00000,0.00000
166.50125,0.99750,1.00000,0.00000,0.00000,0.00000
166.60126,0.99750,1.00000,0.00000,0.00000,0.00000
166.70125,0.99750,1.00000,0.00000,0.00000,0.00000
166.80125,0.99750,1.00000,0.00000,0.00000,0.00000
166.90125,0.99750,1.00000,0.00000,0.00000,0.00000
167.00125,0.99750,1.00000,0.00000,0.00000,0.00000
167.10126,0.99750,1.00000,0.00000,0.00000,0.00000
167.20125,0.99750,1.00000,0.00000,0.00000,0.00000
167.30125,0.99750,1.00000,0.00000,0.00000,0.00000
167.40125,0.99750,1.00000,0.00000,0.00000,0.00000
167.50125,0.99750,1.00000,0.00000,0.00000,0.00000
167.60126,0.99750,1.00000,0.00000,0.00000,0.00000
167.70125,0.99750,1.00000,0.00000,0.00000,0.00000
167.80125,0.99750,1.00000,0.00000,0.00000,0.00000
167.90125,0.99750,1.00000,0.00000,0.00000,0.00000
168.00125,0.99750,1.00000,0.00000,0.00000,0.00000
168.10126,0.99750,1.00000,0.00000,0.00000,0.00000
168.20125,0.99750,1.00000,0.00000,0.00000,0.00000
168.30125,0.99750,1.00000,0.00000,0.00000,0.00000
168.40125,0.99750,1.00000,0.00000,0.00000,0.00000
168.50125,0.99750,1.00000,0.00000,0.00000,0.00000
168.60126,0.99750,1.00000,0.00000,0.00000,0.00000
168.70125,0.99750,1.00000,0.00000,0.00000,0.00000
168.80125,0.99750,1.00000,0.00000,0.00000,0.00000
168.90125,0.99750,1.00000,0.00000,0.00000,0.00000
169.00125,0.99750,1.00000,0.00000,0.00000,0.00000
169.10126,0.99750,1.00000,0.00000,0.00000,0.00000
169.20125,0.99750,1.00000,0.00000,0.00000,0.00000
169.30125,0.99750,1.00000,0.00000,0.00000,0.00000
169.40125,0.99750,1.00000,0.00000,0.00000,0.00000
169.50125,0.99750,1.00000,0.00000,0.00000,0.00000
169.60126,0.99750,1.00000,0.00000,0.00000,0.00000
169.70125,0.99750,1.00000,0.00000,0.00000,0.00000
169.80125,0.99750,1.00000,0.00000,0.00000,0.00000
169.90125,0.99750,1.00000,0.00000,0.00000,0.00000
170.00125,0.99750,1.00000,0.00000,0.00000,0.00000
170.10126,0.99750,1.00000,0.00000,0.00000,0.00000
170.20125,0.99750,1.00000,0.00000,0.00000,0.00000
170.30125,0.99750,1.00000,0.00000,0.00000,0.00000
170.40125,0.99750,1.00000,0.00000,0.00000,0.00000
170.50125,0.99750,1.00000,0.00000,0.00000,0.00000
170.60126,0.99750,1.00000,0.00000,0.00000,0.00000
170.70125,0.99750,1.00000,0.00000,0.00000,0.00000
170.80125,0.99750,0.99989,0.00000,0.00000,0.00011
170.90125,0.99750,0.99969,0.00000,0.00000,0.00031
171.00125,0.99750,0.99982,0.00000,0.00000,0.00018
171.10126,0.99750,0.99998,0.00000,0.00000,0.00002
171.20125,0.99750,1.00000,0.00000,0.00000,0.00000
171.30125,0.99750,1.00000,0.00000,0.00000,0.00000
171.40125,0.99750,1.00000,0.00000,0.00000,0.00000
171.50125,0.99750,1.00000,0.00000,0.00000,0.00000
171.60126,0.99750,1.00000,0.00000,0.00000,0.00000
171.70125,0.99750,1.00000,0.00000,0.00000,0.00000
171.80125,0.99750,1.00000,0.00000,0.00000,0.00000
171.90125,0.99750,1.00000,0.00000,0.00000,0.00000
172.00125,0.99750,0.99997,0.00000,0.00000,0.00003
172.10126,0.99750,0.99941,0.00000,0.00000,0.00059
172.20125,0.99750,0.98786,0.00000,0.00000,0.01214
172.30125,0.99750,0.96069,0.00000,0.00000,0.03931
172.40125,0.99750,0.90745,0.00000,0.00000,0.09255
172.50125,0.99750,0.86027,0.00000,0.00000,0.13973
172.60126,0.99750,0.91556,0.00000,0.00000,0.08444
172.70125,0.99750,0.99461,0.00000,0.00000,0.00539
172.80125,0.99750,0.99982,0.00000,0.00000,0.00018
172.90125,0.99750,0.99999,0.00000,0.00000,0.00001
173.00125,0.99750,1.00000,0.00000,0.00000,0.00000
173.10126,0.99750,1.00000,0.00000,0.00000,0.00000
173.20125,0.99750,1.00000,0.00000,0.00000,0.00000
173.30125,0.99750,1.00000,0.00000,0.00000,0.00000
173.40125,0.99750,1.00000,0.00000,0.00000,0.00000
173.50125,0.99750,1.00000,0.00000,0.00000,0.00000
173.60126,0.99750,1.00000,0.00000,0.00000,0.00000
173.70125,0.99750,1.00000,0.00000,0.00000,0.00000
173.80125,0.99750,1.00000,0.00000,0.00000,0.00000
173.90125,0.99750,1.00000,0.00000,0.00000,0.00000
174.00125,0.99750,1.00000,0.00000,0.00000,0.00000
174.10126,0.99750,1.00000,0.00000,0.00000,0.00000
174.20125,0.99750,1.00000,0.00000,0.00000,0.00000
174.30125,0.99750,1.00000,0.00000,0.00000,0.00000
174.40125,0.99750,1.00000,0.00000,0.00000,0.00000
