Time (seconds), Duration (seconds),pred_(unlabeled),pred_Jab_R,pred_Sidehook_R,pred_Uppercut_R
0.00125,0.99750,1.00000,0.00000,0.00000,0.00000
0.10125,0.99750,1.00000,0.00000,0.00000,0.00000
0.20125,0.99750,1.00000,0.00000,0.00000,0.00000
0.30125,0.99750,1.00000,0.00000,0.00000,0.00000
0.40125,0.99750,1.00000,0.00000,0.00000,0.00000
0.50125,0.99750,0.99996,0.00000,0.00001,0.00003
0.60125,0.99750,0.99920,0.00000,0.00006,0.00074
0.70125,0.99750,0.98489,0.00000,0.00018,0.01493
0.80125,0.99750,0.81127,0.00000,0.00017,0.18856
0.90125,0.99750,0.64929,0.00000,0.00010,0.35062
1.00125,0.99750,0.82728,0.00000,0.00003,0.17269
1.10125,0.99750,0.98460,0.00000,0.00000,0.01540
1.20125,0.99750,0.99925,0.00000,0.00000,0.00075
1.30125,0.99750,0.99997,0.00000,0.00000,0.00003
1.40125,0.99750,1.00000,0.00000,0.00000,0.00000
1.50125,0.99750,1.00000,0.00000,0.00000,0.00000
1.60125,0.99750,1.00000,0.00000,0.00000,0.00000
1.70125,0.99750,1.00000,0.00000,0.00000,0.00000
1.80125,0.99750,1.00000,0.00000,0.00000,0.00000
1.90125,0.99750,1.00000,0.00000,0.00000,0.00000
2.00125,0.99750,1.00000,0.00000,0.00000,0.00000
2.10125,0.99750,0.99999,0.00000,0.00000,0.00001
2.20125,0.99750,0.99978,0.00000,0.00005,0.00017
2.30125,0.99750,0.99613,0.00000,0.00104,0.00282
2.40125,0.99750,0.73158,0.00000,0.00467,0.26375
2.50125,0.99750,0.19225,0.00000,0.00097,0.80679
2.60125,0.99750,0.73229,0.00000,0.00065,0.26705
2.70125,0.99750,0.97155,0.00000,0.00006,0.02840
2.80125,0.99750,0.99977,0.00000,0.00000,0.00023
2.90125,0.99750,1.00000,0.00000,0.00000,0.00000
3.00125,0.99750,1.00000,0.00000,0.00000,0.00000
3.10125,0.99750,1.00000,0.00000,0.00000,0.00000
3.20125,0.99750,1.00000,0.00000,0.00000,0.00000
3.30125,0.99750,1.00000,0.00000,0.00000,0.00000
3.40125,0.99750,1.00000,0.00000,0.00000,0.00000
3.50125,0.99750,1.00000,0.00000,0.00000,0.00000
3.60125,0.99750,1.00000,0.00000,0.00000,0.00000
3.70125,0.99750,1.00000,0.00000,0.00000,0.00000
3.80125,0.99750,0.99999,0.00000,0.00000,0.00000
3.90125,0.99750,0.99955,0.00000,0.00005,0.00040
4.00125,0.99750,0.80458,0.00001,0.00055,0.19487
4.10125,0.99750,0.38901,0.00001,0.00028,0.61070
4.20125,0.99750,0.79311,0.00002,0.00013,0.20675
4.30125,0.99750,0.97657,0.00000,0.00002,0.02341
4.40125,0.99750,0.99567,0.00000,0.00000,0.00432
4.50125,0.99750,0.99982,0.00000,0.00000,0.00018
4.60125,0.99750,1.00000,0.00000,0.00000,0.00000
4.70125,0.99750,1.00000,0.00000,0.00000,0.00000
4.80125,0.99750,1.00000,0.00000,0.00000,0.00000
4.90125,0.99750,1.00000,0.00000,0.00000,0.00000
5.00125,0.99750,1.00000,0.00000,0.00000,0.00000
5.10125,0.99750,1.00000,0.00000,0.00000,0.00000
5.20125,0.99750,1.00000,0.00000,0.00000,0.00000
5.30125,0.99750,1.00000,0.00000,0.00000,0.00000
5.40125,0.99750,1.00000,0.00000,0.00000,0.00000
5.50125,0.99750,0.99999,0.00000,0.00000,0.00000
5.60125,0.99750,0.99946,0.00000,0.00004,0.00050
5.70125,0.99750,0.95320,0.00000,0.00019,0.04661
5.80125,0.99750,0.46898,0.00000,0.00031,0.53070
5.90125,0.99750,0.12538,0.00000,0.00005,0.87458
6.00125,0.99750,0.88656,0.00000,0.00002,0.11342
6.10125,0.99750,0.98579,0.00000,0.00000,0.01421
6.20125,0.99750,0.99978,0.00000,0.00000,0.00022
6.30125,0.99750,1.00000,0.00000,0.00000,0.00000
6.40125,0.99750,1.00000,0.00000,0.00000,0.00000
6.50125,0.99750,1.00000,0.00000,0.00000,0.00000
6.60125,0.99750,1.00000,0.00000,0.00000,0.00000
6.70125,0.99750,1.00000,0.00000,0.00000,0.00000
6.80125,0.99750,1.00000,0.00000,0.00000,0.00000
6.90125,0.99750,1.00000,0.00000,0.00000,0.00000
7.00125,0.99750,1.00000,0.00000,0.00000,0.00000
7.10125,0.99750,1.00000,0.00000,0.00000,0.00000
7.20125,0.99750,0.99999,0.00000,0.00001,0.00000
7.30125,0.99750,0.99930,0.00000,0.00013,0.00057
7.40125,0.99750,0.93721,0.00000,0.00090,0.06188
7.50125,0.99750,0.21050,0.00000,0.00083,0.78867
7.60125,0.99750,0.09187,0.00000,0.00012,0.90801
7.70125,0.99750,0.23449,0.00000,0.00004,0.76547
7.80125,0.99750,0.44494,0.00000,0.00001,0.55505
7.90125,0.99750,0.89427,0.00000,0.00000,0.10572
8.00125,0.99750,0.95780,0.00000,0.00000,0.04220
8.10125,0.99750,0.99951,0.00000,0.00000,0.00049
8.20125,0.99750,1.00000,0.00000,0.00000,0.00000
8.30125,0.99750,1.00000,0.00000,0.00000,0.00000
8.40125,0.99750,1.00000,0.00000,0.00000,0.00000
8.50125,0.99750,0.99999,0.00000,0.00000,0.00001
8.60125,0.99750,1.00000,0.00000,0.00000,0.00000
8.70125,0.99750,0.99999,0.00000,0.00000,0.00001
8.80125,0.99750,0.99999,0.00000,0.00000,0.00001
8.90125,0.99750,0.99992,0.00000,0.00000,0.00008
9.00125,0.99750,0.99969,0.00000,0.00000,0.00031
9.10125,0.99750,0.96569,0.00000,0.00001,0.03430
9.20125,0.99750,0.47888,0.00000,0.00001,0.52111
9.30125,0.99750,0.09672,0.00000,0.00000,0.90328
9.40125,0.99750,0.47921,0.00000,0.00000,0.52079
9.50125,0.99750,0.90962,0.00000,0.00000,0.09038
9.60125,0.99750,0.99509,0.00000,0.00000,0.00491
9.70125,0.99750,0.99811,0.00000,0.00000,0.00189
9.80125,0.99750,0.99996,0.00000,0.00000,0.00004
9.90125,0.99750,0.99997,0.00000,0.00000,0.00003
10.00125,0.99750,1.00000,0.00000,0.00000,0.00000
10.10125,0.99750,1.00000,0.00000,0.00000,0.00000
10.20125,0.99750,0.99998,0.00000,0.00000,0.00002
10.30125,0.99750,0.99998,0.00000,0.00000,0.00002
10.40125,0.99750,0.99959,0.00000,0.00000,0.00041
10.50125,0.99750,0.99825,0.00000,0.00001,0.00175
10.60125,0.99750,0.97032,0.00000,0.00006,0.02961
10.70125,0.99750,0.87803,0.00000,0.00052,0.12145
10.80125,0.99750,0.21511,0.00000,0.00118,0.78372
10.90125,0.99750,0.09150,0.00000,0.00047,0.90803
11.00125,0.99750,0.23663,0.00000,0.00014,0.76324
11.10125,0.99750,0.59840,0.00000,0.00003,0.40158
11.20125,0.99750,0.91354,0.00000,0.00000,0.08646
11.30125,0.99750,0.99184,0.00000,0.00000,0.00816
11.40125,0.99750,0.99998,0.00000,0.00000,0.00002
11.50125,0.99750,0.99999,0.00000,0.00000,0.00000
11.60125,0.99750,1.00000,0.00000,0.00000,0.00000
11.70125,0.99750,1.00000,0.00000,0.00000,0.00000
11.80125,0.99750,1.00000,0.00000,0.00000,0.00000
11.90125,0.99750,1.00000,0.00000,0.00000,0.00000
12.00125,0.99750,1.00000,0.00000,0.00000,0.00000
12.10125,0.99750,0.99999,0.00000,0.00000,0.00001
12.20125,0.99750,0.99995,0.00000,0.00000,0.00005
12.30125,0.99750,0.99876,0.00000,0.00001,0.00123
12.40125,0.99750,0.96237,0.00000,0.00009,0.03754
12.50125,0.99750,0.60581,0.00000,0.00034,0.39385
12.60125,0.99750,0.13573,0.00000,0.00009,0.86418
12.70125,0.99750,0.46895,0.00000,0.00003,0.53102
12.80125,0.99750,0.77485,0.00000,0.00000,0.22515
12.90125,0.99750,0.99372,0.00000,0.00000,0.00628
13.00125,0.99750,0.99810,0.00000,0.00000,0.00190
13.10125,0.99750,0.99998,0.00000,0.00000,0.00002
13.20125,0.99750,1.00000,0.00000,0.00000,0.00000
13.30125,0.99750,1.00000,0.00000,0.00000,0.00000
13.40125,0.99750,1.00000,0.00000,0.00000,0.00000
13.50125,0.99750,1.00000,0.00000,0.00000,0.00000
13.60125,0.99750,1.00000,0.00000,0.00000,0.00000
13.70125,0.99750,1.00000,0.00000,0.00000,0.00000
13.80125,0.99750,0.99996,0.00000,0.00000,0.00004
13.90125,0.99750,0.99909,0.00000,0.00000,0.00090
14.00125,0.99750,0.99227,0.00000,0.00001,0.00772
14.10125,0.99750,0.81038,0.00000,0.00024,0.18938
14.20125,0.99750,0.26511,0.00000,0.00023,0.73466
14.30125,0.99750,0.08191,0.00000,0.00006,0.91803
14.40125,0.99750,0.31424,0.00000,0.00002,0.68574
14.50125,0.99750,0.69875,0.00000,0.00000,0.30125
14.60125,0.99750,0.96640,0.00000,0.00000,0.03360
14.70125,0.99750,0.99982,0.00000,0.00000,0.00018
14.80125,0.99750,1.00000,0.00000,0.00000,0.00000
14.90125,0.99750,1.00000,0.00000,0.00000,0.00000
15.00125,0.99750,1.00000,0.00000,0.00000,0.00000
15.10125,0.99750,1.00000,0.00000,0.00000,0.00000
15.20125,0.99750,1.00000,0.00000,0.00000,0.00000
15.30125,0.99750,1.00000,0.00000,0.00000,0.00000
15.40125,0.99750,1.00000,0.00000,0.00000,0.00000
15.50125,0.99750,1.00000,0.00000,0.00000,0.00000
15.60125,0.99750,1.00000,0.00000,0.00000,0.00000
15.70125,0.99750,0.99994,0.00000,0.00000,0.00006
15.80125,0.99750,0.98375,0.00000,0.00001,0.01624
15.90125,0.99750,0.84167,0.00000,0.00002,0.15831
16.00125,0.99750,0.31619,0.00000,0.00002,0.68380
16.10125,0.99750,0.25858,0.00000,0.00001,0.74140
16.20125,0.99750,0.62514,0.00000,0.00000,0.37486
16.30125,0.99750,0.92216,0.00000,0.00000,0.07784
16.40125,0.99750,0.99876,0.00000,0.00000,0.00124
16.50125,0.99750,0.99997,0.00000,0.00000,0.00003
16.60125,0.99750,1.00000,0.00000,0.00000,0.00000
16.70125,0.99750,1.00000,0.00000,0.00000,0.00000
16.80125,0.99750,1.00000,0.00000,0.00000,0.00000
16.90125,0.99750,1.00000,0.00000,0.00000,0.00000
17.00125,0.99750,1.00000,0.00000,0.00000,0.00000
17.10125,0.99750,1.00000,0.00000,0.00000,0.00000
17.20125,0.99750,1.00000,0.00000,0.00000,0.00000
17.30125,0.99750,1.00000,0.00000,0.00000,0.00000
17.40125,0.99750,0.99998,0.00000,0.00000,0.00002
17.50125,0.99750,0.99821,0.00000,0.00002,0.00177
17.60125,0.99750,0.88921,0.00000,0.00023,0.11056
17.70125,0.99750,0.20109,0.00000,0.00046,0.79845
17.80125,0.99750,0.06401,0.00000,0.00028,0.93571
17.90125,0.99750,0.18362,0.00000,0.00009,0.81629
18.00125,0.99750,0.61780,0.00000,0.00002,0.38218
18.10125,0.99750,0.88433,0.00000,0.00000,0.11567
18.20125,0.99750,0.97524,0.00000,0.00000,0.02475
18.30125,0.99750,0.99808,0.00000,0.00000,0.00192
18.40125,0.99750,0.99950,0.00000,0.00000,0.00050
18.50125,0.99750,0.99990,0.00000,0.00000,0.00010
18.60125,0.99750,0.99995,0.00000,0.00000,0.00005
18.70125,0.99750,0.99994,0.00000,0.00000,0.00005
18.80125,0.99750,0.99993,0.00000,0.00000,0.00007
18.90125,0.99750,0.99951,0.00000,0.00000,0.00049
19.00125,0.99750,0.99654,0.00000,0.00000,0.00346
19.10125,0.99750,0.93915,0.00000,0.00002,0.06083
19.20125,0.99750,0.69526,0.00000,0.00006,0.30468
19.30125,0.99750,0.19768,0.00000,0.00013,0.80219
19.40125,0.99750,0.05723,0.00000,0.00007,0.94270
19.50125,0.99750,0.10220,0.00000,0.00002,0.89778
19.60125,0.99750,0.54675,0.00000,0.00001,0.45325
19.70125,0.99750,0.91830,0.00000,0.00000,0.08170
19.80125,0.99750,0.99848,0.00000,0.00000,0.00152
19.90125,0.99750,0.99999,0.00000,0.00000,0.00001
20.00125,0.99750,0.99999,0.00000,0.00000,0.00001
20.10125,0.99750,1.00000,0.00000,0.00000,0.00000
20.20125,0.99750,1.00000,0.00000,0.00000,0.00000
20.30125,0.99750,1.00000,0.00000,0.00000,0.00000
20.40125,0.99750,1.00000,0.00000,0.00000,0.00000
20.50125,0.99750,1.00000,0.00000,0.00000,0.00000
20.60125,0.99750,0.99995,0.00000,0.00000,0.00005
20.70125,0.99750,0.99938,0.00000,0.00001,0.00061
20.80125,0.99750,0.80516,0.00000,0.00011,0.19473
20.90125,0.99750,0.25949,0.00000,0.00039,0.74012
21.00125,0.99750,0.03107,0.00000,0.00007,0.96885
21.10125,0.99750,0.07438,0.00000,0.00003,0.92560
21.20125,0.99750,0.93687,0.00000,0.00002,0.06312
21.30125,0.99750,0.98900,0.00000,0.00000,0.01099
21.40125,0.99750,0.99995,0.00000,0.00000,0.00005
21.50125,0.99750,1.00000,0.00000,0.00000,0.00000
21.60125,0.99750,1.00000,0.00000,0.00000,0.00000
21.70125,0.99750,1.00000,0.00000,0.00000,0.00000
21.80125,0.99750,1.00000,0.00000,0.00000,0.00000
21.90125,0.99750,1.00000,0.00000,0.00000,0.00000
22.00125,0.99750,1.00000,0.00000,0.00000,0.00000
22.10125,0.99750,1.00000,0.00000,0.00000,0.00000
22.20125,0.99750,1.00000,0.00000,0.00000,0.00000
22.30125,0.99750,1.00000,0.00000,0.00000,0.00000
22.40125,0.99750,0.99999,0.00000,0.00001,0.00000
22.50125,0.99750,0.99964,0.00000,0.00011,0.00025
22.60125,0.99750,0.95964,0.00000,0.00164,0.03872
22.70125,0.99750,0.21269,0.00000,0.00337,0.78395
22.80125,0.99750,0.06064,0.00000,0.00080,0.93856
22.90125,0.99750,0.33614,0.00000,0.00033,0.66353
23.00125,0.99750,0.77681,0.00000,0.00004,0.22315
23.10125,0.99750,0.98794,0.00000,0.00000,0.01205
23.20125,0.99750,0.99958,0.00000,0.00000,0.00042
23.30125,0.99750,0.99999,0.00000,0.00000,0.00001
23.40125,0.99750,1.00000,0.00000,0.00000,0.00000
23.50125,0.99750,1.00000,0.00000,0.00000,0.00000
23.60125,0.99750,1.00000,0.00000,0.00000,0.00000
23.70125,0.99750,1.00000,0.00000,0.00000,0.00000
23.80125,0.99750,1.00000,0.00000,0.00000,0.00000
23.90125,0.99750,1.00000,0.00000,0.00000,0.00000
24.00125,0.99750,0.99995,0.00000,0.00000,0.00004
24.10125,0.99750,0.99905,0.00000,0.00001,0.00094
24.20125,0.99750,0.96596,0.00000,0.00007,0.03397
24.30125,0.99750,0.30433,0.00000,0.00026,0.69541
24.40125,0.99750,0.03778,0.00000,0.00011,0.96210
24.50125,0.99750,0.03932,0.00000,0.00006,0.96062
24.60125,0.99750,0.24903,0.00000,0.00003,0.75094
24.70125,0.99750,0.55963,0.00000,0.00001,0.44036
24.80125,0.99750,0.93778,0.00000,0.00000,0.06222
24.90125,0.99750,0.99943,0.00000,0.00000,0.00057
25.00125,0.99750,0.99999,0.00000,0.00000,0.00001
25.10125,0.99750,0.99999,0.00000,0.00000,0.00001
25.20125,0.99750,1.00000,0.00000,0.00000,0.00000
25.30125,0.99750,1.00000,0.00000,0.00000,0.00000
25.40125,0.99750,1.00000,0.00000,0.00000,0.00000
25.50125,0.99750,1.00000,0.00000,0.00000,0.00000
25.60125,0.99750,0.99997,0.00000,0.00000,0.00003
25.70125,0.99750,0.99968,0.00000,0.00000,0.00032
25.80125,0.99750,0.99159,0.00000,0.00001,0.00840
25.90125,0.99750,0.52170,0.00000,0.00006,0.47825
26.00125,0.99750,0.02925,0.00000,0.00003,0.97072
26.10125,0.99750,0.01545,0.00000,0.00002,0.98453
26.20125,0.99750,0.07101,0.00000,0.00001,0.92898
26.30125,0.99750,0.37679,0.00000,0.00001,0.62320
26.40125,0.99750,0.59584,0.00000,0.00000,0.40416
26.50125,0.99750,0.80464,0.00000,0.00000,0.19536
26.60125,0.99750,0.99957,0.00000,0.00000,0.00043
26.70125,0.99750,0.99963,0.00000,0.00000,0.00037
26.80125,0.99750,0.99993,0.00000,0.00000,0.00007
26.90125,0.99750,0.99996,0.00000,0.00000,0.00004
27.00125,0.99750,1.00000,0.00000,0.00000,0.00000
27.10125,0.99750,1.00000,0.00000,0.00000,0.00000
27.20125,0.99750,0.99996,0.00000,0.00000,0.00004
27.30125,0.99750,0.99985,0.00000,0.00000,0.00015
27.40125,0.99750,0.99902,0.00000,0.00000,0.00098
27.50125,0.99750,0.99575,0.00000,0.00001,0.00425
27.60125,0.99750,0.81421,0.00000,0.00005,0.18575
27.70125,0.99750,0.25497,0.00000,0.00013,0.74490
27.80125,0.99750,0.03814,0.00000,0.00007,0.96179
27.90125,0.99750,0.05255,0.00000,0.00003,0.94742
28.00125,0.99750,0.50921,0.00000,0.00002,0.49077
28.10125,0.99750,0.81463,0.00000,0.00000,0.18537
28.20125,0.99750,0.99943,0.00000,0.00000,0.00057
28.30125,0.99750,1.00000,0.00000,0.00000,0.00000
28.40125,0.99750,1.00000,0.00000,0.00000,0.00000
28.50125,0.99750,1.00000,0.00000,0.00000,0.00000
28.60125,0.99750,1.00000,0.00000,0.00000,0.00000
28.70125,0.99750,1.00000,0.00000,0.00000,0.00000
28.80125,0.99750,1.00000,0.00000,0.00000,0.00000
28.90125,0.99750,1.00000,0.00000,0.00000,0.00000
29.00125,0.99750,1.00000,0.00000,0.00000,0.00000
29.10125,0.99750,1.00000,0.00000,0.00000,0.00000
29.20125,0.99750,0.99999,0.00000,0.00000,0.00000
29.30125,0.99750,0.99803,0.00000,0.00006,0.00191
29.40125,0.99750,0.85702,0.00000,0.00019,0.14279
29.50125,0.99750,0.16766,0.00000,0.00019,0.83214
29.60125,0.99750,0.05133,0.00000,0.00003,0.94864
29.70125,0.99750,0.85128,0.00000,0.00002,0.14871
29.80125,0.99750,0.98220,0.00000,0.00000,0.01780
29.90125,0.99750,0.99917,0.00000,0.00000,0.00083
30.00125,0.99750,0.99997,0.00000,0.00000,0.00003
30.10125,0.99750,1.00000,0.00000,0.00000,0.00000
30.20125,0.99750,1.00000,0.00000,0.00000,0.00000
30.30125,0.99750,1.00000,0.00000,0.00000,0.00000
30.40125,0.99750,1.00000,0.00000,0.00000,0.00000
30.50125,0.99750,1.00000,0.00000,0.00000,0.00000
30.60125,0.99750,1.00000,0.00000,0.00000,0.00000
30.70125,0.99750,0.99982,0.00000,0.00000,0.00017
30.80125,0.99750,0.99906,0.00000,0.00001,0.00093
30.90125,0.99750,0.95952,0.00000,0.00027,0.04021
31.00125,0.99750,0.59580,0.00000,0.00232,0.40188
31.10125,0.99750,0.21164,0.00000,0.00281,0.78555
31.20125,0.99750,0.13863,0.00000,0.00209,0.85928
31.30125,0.99750,0.08133,0.00000,0.00107,0.91761
31.40125,0.99750,0.09742,0.00000,0.00027,0.90231
31.50125,0.99750,0.28745,0.00000,0.00008,0.71247
31.60125,0.99750,0.75068,0.00000,0.00001,0.24931
31.70125,0.99750,0.98884,0.00000,0.00000,0.01115
31.80125,0.99750,0.99998,0.00000,0.00000,0.00002
31.90125,0.99750,1.00000,0.00000,0.00000,0.00000
32.00125,0.99750,1.00000,0.00000,0.00000,0.00000
32.10125,0.99750,1.00000,0.00000,0.00000,0.00000
32.20125,0.99750,1.00000,0.00000,0.00000,0.00000
32.30125,0.99750,1.00000,0.00000,0.00000,0.00000
32.40125,0.99750,1.00000,0.00000,0.00000,0.00000
32.50125,0.99750,0.99999,0.00000,0.00000,0.00001
32.60125,0.99750,0.99996,0.00000,0.00000,0.00004
32.70125,0.99750,0.99853,0.00000,0.00002,0.00144
32.80125,0.99750,0.72694,0.00000,0.00038,0.27267
32.90125,0.99750,0.32725,0.00000,0.00065,0.67210
33.00125,0.99750,0.01497,0.00000,0.00014,0.98489
33.10125,0.99750,0.00953,0.00000,0.00004,0.99043
33.20125,0.99750,0.08637,0.00000,0.00003,0.91360
33.30125,0.99750,0.73990,0.00000,0.00001,0.26009
33.40125,0.99750,0.99449,0.00000,0.00000,0.00551
33.50125,0.99750,0.99944,0.00000,0.00000,0.00056
33.60125,0.99750,1.00000,0.00000,0.00000,0.00000
33.70125,0.99750,1.00000,0.00000,0.00000,0.00000
33.80125,0.99750,1.00000,0.00000,0.00000,0.00000
33.90125,0.99750,1.00000,0.00000,0.00000,0.00000
34.00125,0.99750,1.00000,0.00000,0.00000,0.00000
34.10125,0.99750,1.00000,0.00000,0.00000,0.00000
34.20125,0.99750,1.00000,0.00000,0.00000,0.00000
34.30125,0.99750,0.99996,0.00000,0.00000,0.00004
34.40125,0.99750,0.99839,0.00000,0.00001,0.00160
34.50125,0.99750,0.97595,0.00000,0.00008,0.02398
34.60125,0.99750,0.25370,0.00000,0.00039,0.74592
34.70125,0.99750,0.03078,0.00000,0.00013,0.96909
34.80125,0.99750,0.03100,0.00000,0.00007,0.96893
34.90125,0.99750,0.76188,0.00000,0.00009,0.23803
35.00125,0.99750,0.98702,0.00000,0.00001,0.01298
35.10125,0.99750,0.99885,0.00000,0.00000,0.00115
35.20125,0.99750,0.99989,0.00000,0.00000,0.00011
35.30125,0.99750,1.00000,0.00000,0.00000,0.00000
35.40125,0.99750,1.00000,0.00000,0.00000,0.00000
35.50125,0.99750,1.00000,0.00000,0.00000,0.00000
35.60125,0.99750,1.00000,0.00000,0.00000,0.00000
35.70125,0.99750,1.00000,0.00000,0.00000,0.00000
35.80125,0.99750,1.00000,0.00000,0.00000,0.00000
35.90125,0.99750,0.99987,0.00000,0.00000,0.00013
36.00125,0.99750,0.99947,0.00000,0.00001,0.00051
36.10125,0.99750,0.98593,0.00000,0.00044,0.01363
36.20125,0.99750,0.77538,0.00000,0.00162,0.22300
36.30125,0.99750,0.08376,0.00000,0.00122,0.91501
36.40125,0.99750,0.03309,0.00000,0.00040,0.96651
36.50125,0.99750,0.09299,0.00000,0.00023,0.90678
36.60125,0.99750,0.49165,0.00000,0.00010,0.50824
36.70125,0.99750,0.78571,0.00000,0.00002,0.21427
36.80125,0.99750,0.97475,0.00000,0.00000,0.02525
36.90125,0.99750,0.99986,0.00000,0.00000,0.00014
37.00125,0.99750,0.99991,0.00000,0.00000,0.00009
37.10125,0.99750,0.99999,0.00000,0.00000,0.00001
37.20125,0.99750,0.99999,0.00000,0.00000,0.00001
37.30125,0.99750,0.99996,0.00000,0.00000,0.00004
37.40125,0.99750,0.99995,0.00000,0.00000,0.00005
37.50125,0.99750,0.99983,0.00000,0.00000,0.00017
37.60125,0.99750,0.99911,0.00000,0.00003,0.00086
37.70125,0.99750,0.99508,0.00000,0.00013,0.00479
37.80125,0.99750,0.63674,0.00000,0.00077,0.36248
37.90125,0.99750,0.04680,0.00000,0.00019,0.95301
38.00125,0.99750,0.07027,0.00000,0.00006,0.92967
38.10125,0.99750,0.82823,0.00000,0.00003,0.17174
38.20125,0.99750,0.98559,0.00000,0.00000,0.01441
38.30125,0.99750,0.99994,0.00000,0.00000,0.00006
38.40125,0.99750,1.00000,0.00000,0.00000,0.00000
38.50125,0.99750,1.00000,0.00000,0.00000,0.00000
38.60125,0.99750,1.00000,0.00000,0.00000,0.00000
38.70125,0.99750,1.00000,0.00000,0.00000,0.00000
38.80125,0.99750,1.00000,0.00000,0.00000,0.00000
38.90125,0.99750,1.00000,0.00000,0.00000,0.00000
39.00125,0.99750,1.00000,0.00000,0.00000,0.00000
39.10125,0.99750,1.00000,0.00000,0.00000,0.00000
39.20125,0.99750,1.00000,0.00000,0.00000,0.00000
39.30125,0.99750,0.99997,0.00000,0.00000,0.00003
39.40125,0.99750,0.98905,0.00000,0.00005,0.01090
39.50125,0.99750,0.34549,0.00000,0.00014,0.65437
39.60125,0.99750,0.02523,0.00000,0.00002,0.97475
39.70125,0.99750,0.28563,0.00000,0.00003,0.71434
39.80125,0.99750,0.89661,0.00000,0.00001,0.10338
39.90125,0.99750,0.98906,0.00000,0.00000,0.01094
40.00125,0.99750,0.99997,0.00000,0.00000,0.00003
40.10125,0.99750,1.00000,0.00000,0.00000,0.00000
40.20125,0.99750,1.00000,0.00000,0.00000,0.00000
40.30125,0.99750,1.00000,0.00000,0.00000,0.00000
40.40125,0.99750,1.00000,0.00000,0.00000,0.00000
40.50125,0.99750,1.00000,0.00000,0.00000,0.00000
40.60125,0.99750,1.00000,0.00000,0.00000,0.00000
40.70125,0.99750,1.00000,0.00000,0.00000,0.00000
40.80125,0.99750,1.00000,0.00000,0.00000,0.00000
40.90125,0.99750,0.99997,0.00000,0.00000,0.00003
41.00125,0.99750,0.99507,0.00000,0.00004,0.00489
41.10125,0.99750,0.77399,0.00000,0.00015,0.22586
41.20125,0.99750,0.13239,0.00000,0.00011,0.86750
41.30125,0.99750,0.05237,0.00000,0.00004,0.94759
41.40125,0.99750,0.76026,0.00000,0.00004,0.23970
41.50125,0.99750,0.96090,0.00000,0.00000,0.03910
41.60125,0.99750,0.99969,0.00000,0.00000,0.00031
41.70125,0.99750,1.00000,0.00000,0.00000,0.00000
41.80125,0.99750,1.00000,0.00000,0.00000,0.00000
41.90125,0.99750,1.00000,0.00000,0.00000,0.00000
42.00125,0.99750,1.00000,0.00000,0.00000,0.00000
42.10125,0.99750,1.00000,0.00000,0.00000,0.00000
42.20125,0.99750,1.00000,0.00000,0.00000,0.00000
42.30125,0.99750,1.00000,0.00000,0.00000,0.00000
42.40125,0.99750,1.00000,0.00000,0.00000,0.00000
42.50125,0.99750,1.00000,0.00000,0.00000,0.00000
42.60125,0.99750,0.99997,0.00001,0.00000,0.00002
42.70125,0.99750,0.99899,0.00000,0.00004,0.00097
42.80125,0.99750,0.94498,0.00000,0.00050,0.05452
42.90125,0.99750,0.07294,0.00000,0.00073,0.92634
43.00125,0.99750,0.03852,0.00000,0.00056,0.96091
43.10125,0.99750,0.20514,0.00000,0.00033,0.79454
43.20125,0.99750,0.95105,0.00000,0.00005,0.04891
43.30125,0.99750,0.99966,0.00000,0.00000,0.00034
43.40125,0.99750,1.00000,0.00000,0.00000,0.00000
43.50125,0.99750,1.00000,0.00000,0.00000,0.00000
43.60125,0.99750,1.00000,0.00000,0.00000,0.00000
43.70125,0.99750,1.00000,0.00000,0.00000,0.00000
43.80125,0.99750,1.00000,0.00000,0.00000,0.00000
43.90125,0.99750,1.00000,0.00000,0.00000,0.00000
44.00125,0.99750,1.00000,0.00000,0.00000,0.00000
44.10125,0.99750,1.00000,0.00000,0.00000,0.00000
44.20125,0.99750,1.00000,0.00000,0.00000,0.00000
44.30125,0.99750,0.99999,0.00000,0.00000,0.00000
44.40125,0.99750,0.99977,0.00000,0.00007,0.00016
44.50125,0.99750,0.95248,0.00000,0.00147,0.04606
44.60125,0.99750,0.23836,0.00000,0.00227,0.75936
44.70125,0.99750,0.06543,0.00000,0.00069,0.93388
44.80125,0.99750,0.63818,0.00000,0.00057,0.36124
44.90125,0.99750,0.96489,0.00000,0.00005,0.03506
45.00125,0.99750,0.99689,0.00000,0.00000,0.00310
45.10125,0.99750,0.99993,0.00000,0.00000,0.00007
45.20125,0.99750,1.00000,0.00000,0.00000,0.00000
45.30125,0.99750,1.00000,0.00000,0.00000,0.00000
45.40125,0.99750,1.00000,0.00000,0.00000,0.00000
45.50125,0.99750,1.00000,0.00000,0.00000,0.00000
45.60125,0.99750,1.00000,0.00000,0.00000,0.00000
45.70125,0.99750,1.00000,0.00000,0.00000,0.00000
45.80125,0.99750,1.00000,0.00000,0.00000,0.00000
45.90125,0.99750,0.99999,0.00001,0.00000,0.00001
46.00125,0.99750,0.99964,0.00000,0.00001,0.00035
46.10125,0.99750,0.98963,0.00000,0.00009,0.01028
46.20125,0.99750,0.64645,0.00000,0.00043,0.35312
46.30125,0.99750,0.03700,0.00000,0.00014,0.96286
46.40125,0.99750,0.03463,0.00000,0.00012,0.96525
46.50125,0.99750,0.14874,0.00000,0.00004,0.85123
46.60125,0.99750,0.47082,0.00000,0.00001,0.52917
46.70125,0.99750,0.98391,0.00000,0.00000,0.01609
46.80125,0.99750,0.99756,0.00000,0.00000,0.00244
46.90125,0.99750,0.99999,0.00000,0.00000,0.00001
47.00125,0.99750,1.00000,0.00000,0.00000,0.00000
47.10125,0.99750,1.00000,0.00000,0.00000,0.00000
47.20125,0.99750,1.00000,0.00000,0.00000,0.00000
47.30125,0.99750,1.00000,0.00000,0.00000,0.00000
47.40125,0.99750,1.00000,0.00000,0.00000,0.00000
47.50125,0.99750,1.00000,0.00000,0.00000,0.00000
47.60125,0.99750,0.99999,0.00000,0.00000,0.00001
47.70125,0.99750,0.99920,0.00000,0.00000,0.00080
47.80125,0.99750,0.98106,0.00000,0.00002,0.01892
47.90125,0.99750,0.69063,0.00000,0.00016,0.30921
48.00125,0.99750,0.06779,0.00000,0.00009,0.93213
48.10125,0.99750,0.05533,0.00000,0.00003,0.94464
48.20125,0.99750,0.61104,0.00000,0.00002,0.38894
48.30125,0.99750,0.96878,0.00000,0.00000,0.03122
48.40125,0.99750,0.99956,0.00000,0.00000,0.00044
48.50125,0.99750,1.00000,0.00000,0.00000,0.00000
48.60125,0.99750,1.00000,0.00000,0.00000,0.00000
48.70125,0.99750,1.00000,0.00000,0.00000,0.00000
48.80125,0.99750,1.00000,0.00000,0.00000,0.00000
48.90125,0.99750,1.00000,0.00000,0.00000,0.00000
49.00125,0.99750,1.00000,0.00000,0.00000,0.00000
49.10125,0.99750,1.00000,0.00000,0.00000,0.00000
49.20125,0.99750,0.99999,0.00000,0.00000,0.00001
49.30125,0.99750,0.99951,0.00000,0.00001,0.00048
49.40125,0.99750,0.96218,0.00000,0.00005,0.03777
49.50125,0.99750,0.53788,0.00000,0.00023,0.46189
49.60125,0.99750,0.05951,0.00000,0.00007,0.94042
49.70125,0.99750,0.19250,0.00000,0.00005,0.80745
49.80125,0.99750,0.78419,0.00000,0.00002,0.21579
49.90125,0.99750,0.95958,0.00000,0.00000,0.04041
50.00125,0.99750,0.99927,0.00000,0.00000,0.00073
50.10125,0.99750,0.99999,0.00000,0.00000,0.00001
50.20125,0.99750,1.00000,0.00000,0.00000,0.00000
50.30125,0.99750,1.00000,0.00000,0.00000,0.00000
50.40125,0.99750,1.00000,0.00000,0.00000,0.00000
50.50125,0.99750,1.00000,0.00000,0.00000,0.00000
50.60125,0.99750,1.00000,0.00000,0.00000,0.00000
50.70125,0.99750,0.99997,0.00000,0.00000,0.00003
50.80125,0.99750,0.99988,0.00000,0.00000,0.00012
50.90125,0.99750,0.99697,0.00000,0.00000,0.00302
51.00125,0.99750,0.93875,0.00000,0.00001,0.06124
51.10125,0.99750,0.33553,0.00000,0.00003,0.66444
51.20125,0.99750,0.04886,0.00000,0.00001,0.95113
51.30125,0.99750,0.03869,0.00000,0.00001,0.96130
51.40125,0.99750,0.19398,0.00000,0.00000,0.80601
51.50125,0.99750,0.24692,0.00000,0.00000,0.75307
51.60125,0.99750,0.75771,0.00000,0.00000,0.24228
51.70125,0.99750,0.99805,0.00000,0.00000,0.00195
51.80125,0.99750,0.99940,0.00000,0.00000,0.00060
51.90125,0.99750,0.99984,0.00000,0.00000,0.00016
52.00125,0.99750,0.99990,0.00000,0.00000,0.00010
52.10125,0.99750,0.99994,0.00000,0.00000,0.00006
52.20125,0.99750,0.99999,0.00000,0.00000,0.00001
52.30125,0.99750,0.99996,0.00000,0.00000,0.00004
52.40125,0.99750,0.99978,0.00000,0.00000,0.00022
52.50125,0.99750,0.99874,0.00000,0.00001,0.00125
52.60125,0.99750,0.97671,0.00000,0.00005,0.02324
52.70125,0.99750,0.75810,0.00000,0.00024,0.24165
52.80125,0.99750,0.12476,0.00000,0.00024,0.87500
52.90125,0.99750,0.08530,0.00000,0.00011,0.91460
53.00125,0.99750,0.39616,0.00000,0.00006,0.60378
53.10125,0.99750,0.69222,0.00000,0.00001,0.30777
53.20125,0.99750,0.99359,0.00000,0.00000,0.00641
53.30125,0.99750,0.99994,0.00000,0.00000,0.00006
53.40125,0.99750,1.00000,0.00000,0.00000,0.00000
53.50125,0.99750,1.00000,0.00000,0.00000,0.00000
53.60125,0.99750,1.00000,0.00000,0.00000,0.00000
53.70125,0.99750,1.00000,0.00000,0.00000,0.00000
53.80125,0.99750,1.00000,0.00000,0.00000,0.00000
53.90125,0.99750,1.00000,0.00000,0.00000,0.00000
54.00125,0.99750,1.00000,0.00000,0.00000,0.00000
54.10125,0.99750,1.00000,0.00000,0.00000,0.00000
54.20125,0.99750,0.99993,0.00000,0.00001,0.00006
54.30125,0.99750,0.97203,0.00000,0.00010,0.02787
54.40125,0.99750,0.43519,0.00000,0.00036,0.56445
54.50125,0.99750,0.06538,0.00000,0.00008,0.93454
54.60125,0.99750,0.80694,0.00000,0.00009,0.19296
54.70125,0.99750,0.98748,0.00000,0.00001,0.01251
54.80125,0.99750,0.99976,0.00000,0.00000,0.00024
54.90125,0.99750,1.00000,0.00000,0.00000,0.00000
55.00125,0.99750,1.00000,0.00000,0.00000,0.00000
55.10125,0.99750,1.00000,0.00000,0.00000,0.00000
55.20125,0.99750,1.00000,0.00000,0.00000,0.00000
55.30125,0.99750,1.00000,0.00000,0.00000,0.00000
55.40125,0.99750,1.00000,0.00000,0.00000,0.00000
55.50125,0.99750,1.00000,0.00000,0.00000,0.00000
55.60125,0.99750,1.00000,0.00000,0.00000,0.00000
55.70125,0.99750,1.00000,0.00000,0.00000,0.00000
55.80125,0.99750,0.99997,0.00000,0.00000,0.00003
55.90125,0.99750,0.99685,0.00000,0.00001,0.00315
56.00125,0.99750,0.74134,0.00000,0.00007,0.25858
56.10125,0.99750,0.15344,0.00000,0.00007,0.84648
56.20125,0.99750,0.03866,0.00000,0.00002,0.96132
56.30125,0.99750,0.33330,0.00000,0.00002,0.66668
56.40125,0.99750,0.91606,0.00000,0.00000,0.08394
56.50125,0.99750,0.99576,0.00000,0.00000,0.00424
56.60125,0.99750,0.99992,0.00000,0.00000,0.00008
56.70125,0.99750,1.00000,0.00000,0.00000,0.00000
56.80125,0.99750,1.00000,0.00000,0.00000,0.00000
56.90125,0.99750,1.00000,0.00000,0.00000,0.00000
57.00125,0.99750,1.00000,0.00000,0.00000,0.00000
57.10125,0.99750,1.00000,0.00000,0.00000,0.00000
57.20125,0.99750,1.00000,0.00000,0.00000,0.00000
57.30125,0.99750,1.00000,0.00000,0.00000,0.00000
57.40125,0.99750,0.99999,0.00000,0.00000,0.00000
57.50125,0.99750,0.99984,0.00000,0.00000,0.00015
57.60125,0.99750,0.99126,0.00000,0.00010,0.00865
57.70125,0.99750,0.54894,0.00000,0.00072,0.45034
57.80125,0.99750,0.17130,0.00000,0.00077,0.82793
57.90125,0.99750,0.01871,0.00000,0.00011,0.98117
58.00125,0.99750,0.06354,0.00000,0.00006,0.93640
58.10125,0.99750,0.12133,0.00000,0.00001,0.87866
58.20125,0.99750,0.20443,0.00000,0.00000,0.79557
58.30125,0.99750,0.64591,0.00000,0.00000,0.35409
58.40125,0.99750,0.81505,0.00000,0.00002,0.18493
58.50125,0.99750,0.92456,0.00000,0.00002,0.07543
58.60125,0.99750,0.99407,0.00000,0.00000,0.00593
58.70125,0.99750,0.89876,0.00000,0.00000,0.10124
58.80125,0.99750,0.99192,0.00000,0.00000,0.00808
58.90125,0.99750,0.99087,0.00000,0.00000,0.00913
59.00125,0.99750,0.99950,0.00000,0.00000,0.00050
59.10125,0.99750,0.99996,0.00000,0.00000,0.00004
59.20125,0.99750,0.99999,0.00000,0.00000,0.00001
59.30125,0.99750,1.00000,0.00000,0.00000,0.00000
