Time(Seconds),Length(Seconds),Label(string),Confidence(double),Comment(string)
4.3399261,1.3251533,Uppercut_R,1,
6.1017252,1.3805001,Uppercut_R,1,
7.971184,1.384614,Uppercut_R,1,
9.8430087,1.3784602,Uppercut_R,1,
11.8245452,1.3046141,Uppercut_R,1,
13.4865023,1.3107679,Uppercut_R,1,
15.3097334,1.2123064,Uppercut_R,1,
16.922459800000002,1.3723063,Uppercut_R,1,
18.6393811,1.3476909,Uppercut_R,1,
20.4973055,1.2184602999999998,Uppercut_R,1,
22.059527,1.3169217,Uppercut_R,1,
23.7210638,1.2246142,Uppercut_R,1,
25.3879005,1.2861526,Uppercut_R,1,
27.0002067,1.2738448999999998,Uppercut_R,1,
28.586088,1.4153832,Uppercut_R,1,
30.2722401,1.2430756,Uppercut_R,1,
31.7360002,1.4276909,Uppercut_R,1,
33.7749342,1.4646139,Uppercut_R,1,
35.476044,1.3476908,Uppercut_R,1,
37.0268117,1.3979788999999998,Uppercut_R,1,
38.6401751,1.3292294,Uppercut_R,1,
40.1786351,1.4041328,Uppercut_R,1,
41.7961388,1.2512695,Uppercut_R,1,
43.2878019,1.3353833,Uppercut_R,1,
44.9264178,1.2923063,Uppercut_R,1,
46.464877800000004,1.2761761999999999,Uppercut_R,1,
48.0235954,1.1876911,Uppercut_R,1,
49.6666706,1.2799987,Uppercut_R,1,
51.334361200000004,1.3708154000000001,Uppercut_R,1,
53.0374841,1.3230756,Uppercut_R,1,
54.6436363,1.1638146,Uppercut_R,1,
56.2784836,1.3006134,Uppercut_R,1,
58.2429299,1.3435582,Uppercut_R,1,
59.9845191,1.304614,Uppercut_R,1,
61.7797641,1.4355828,Uppercut_R,1,
63.7736292,1.3619631,Uppercut_R,1,
65.6470171,1.2883435,Uppercut_R,1,
67.4031643,1.1595092,Uppercut_R,1,
68.8939619,1.2576687,Uppercut_R,1,
70.6816535,1.3374233,Uppercut_R,1,
72.3258253,1.4355828,Uppercut_R,1,
74.088977,1.2515337,Uppercut_R,1,
75.6656641,1.3067484,Uppercut_R,1,
77.4655293,1.2883435,Uppercut_R,1,
78.9685968,1.392638,Uppercut_R,1,
80.7866735,1.3006134,Uppercut_R,1,
82.4697808,1.196319,Uppercut_R,1,
84.0096581,0.9263803,Uppercut_R,1,
85.5509847,1.1595092,Uppercut_R,1,
87.1399418,1.2085889,Uppercut_R,1,
88.6817517,1.2208588,Uppercut_R,1,
90.4065475,1.0613496,Uppercut_R,1,
92.0094171,1.0245398,Uppercut_R,1,
93.819233,1.196319,Uppercut_R,1,
95.490457,1.0920245,Uppercut_R,1,
97.4425366,0.7239263,Uppercut_R,1,
98.9210642,0.9263803,Uppercut_R,1,
100.4020074,0.7361963,Uppercut_R,1,
101.8437252,0.7668711,Uppercut_R,1,
