Time(Seconds),Length(Seconds),Label(string),Confidence(double),Comment(string)
0.867718,1.5259264,Sidehook_R,1,
2.9230475,1.2456542,Sidehook_R,1,
4.542398,1.3390782,Sidehook_R,1,
6.2240312,1.3079369,Sidehook_R,1,
7.9056644,1.3079369,Sidehook_R,1,
9.6807216,1.3079369,Sidehook_R,1,
11.3623548,1.2145128,Sidehook_R,1,
12.8571399,1.2767955,Sidehook_R,1,
14.5076318,1.2456542,Sidehook_R,1,
16.189265,1.494785,Sidehook_R,1,
17.9643222,1.2767955,Sidehook_R,1,
19.7082381,1.2456542,Sidehook_R,1,
21.4210127,1.2767955,Sidehook_R,1,
23.19607,1.2145128,Sidehook_R,1,
24.8073914,1.2456542,Sidehook_R,1,
26.3333179,1.401361,Sidehook_R,1,
28.0149511,1.3390782,Sidehook_R,1,
29.6965843,1.2456542,Sidehook_R,1,
31.253652,1.3390782,Sidehook_R,1,
32.8730025,1.1833715,Sidehook_R,1,
34.492353,1.2767955,Sidehook_R,1,
36.1117035,1.401361,Sidehook_R,1,
37.8244781,1.2767955,Sidehook_R,1,
39.3815458,1.2767955,Sidehook_R,1,
41.8723478,1.2767955,Sidehook_R,1,
43.6785464,1.4636437,Sidehook_R,1,
45.484745,1.3702196,Sidehook_R,1,
47.322085,1.3702196,Sidehook_R,1,
49.0660009,1.3702196,Sidehook_R,1,
50.7476341,1.4325023,Sidehook_R,1,
52.6161155,1.3079369,Sidehook_R,1,
54.2977487,1.3079369,Sidehook_R,1,
55.9793819,1.4325023,Sidehook_R,1,
57.7544391,1.2456542,Sidehook_R,1,
59.4672137,1.3079369,Sidehook_R,1,
63.0433406,1.0899474,Uppercut_R,1,
64.4758429,1.2456542,Uppercut_R,1,
66.1574762,1.3702196,Uppercut_R,1,
67.9325334,1.3702196,Uppercut_R,1,
69.7075907,1.3390782,Uppercut_R,1,
71.6383547,1.2145128,Uppercut_R,1,
73.1331398,1.4636437,Uppercut_R,1,
75.0327625,1.4636437,Uppercut_R,1,
76.9012438,1.2456542,Uppercut_R,1,
78.5522802,1.2767955,Uppercut_R,1,
80.1716307,1.2145128,Uppercut_R,1,
81.8844053,1.3390782,Uppercut_R,1,
83.3791904,1.2767955,Uppercut_R,1,
84.9362581,1.1833715,Uppercut_R,1,
86.6178913,1.2145128,Uppercut_R,1,
88.3618073,1.1522301,Uppercut_R,1,
89.9500164,1.2456542,Uppercut_R,1,
91.7250737,1.1522301,Uppercut_R,1,
93.2510001,1.1522301,Uppercut_R,1,
94.90191,1.4636437,Uppercut_R,1,
96.6769672,1.2456542,Uppercut_R,1,
98.3586004,1.6504918,Uppercut_R,1,
100.2582231,1.2456542,Uppercut_R,1,
101.9709977,1.3390782,Uppercut_R,1,
103.6214895,1.3390782,Uppercut_R,1,
105.4588295,1.3079369,Uppercut_R,1,
107.2650281,1.3079369,Uppercut_R,1,
108.9466613,1.3702196,Uppercut_R,1,
110.7217186,1.4325023,Uppercut_R,1,
112.3722104,1.4325023,Uppercut_R,1,
114.2762023,1.401361,Uppercut_R,1,
115.9889769,1.5259264,Uppercut_R,1,
117.7951755,1.3079369,Uppercut_R,1,
119.5702328,1.5882091,Uppercut_R,1,
